#      t/s        x/m       fs/N     v/(m/s)  a/(m/s/s)       p/N
   +0.0000         +0         +0         +0         +0    +0.0000
   +0.0100  +2.07e-13  +1.65e-06  +6.21e-11 +1.242e-08    +0.0004
   +0.0200 +2.893e-12 +2.306e-05 +6.196e-10 +9.907e-08    +0.0035
   +0.0300 +1.793e-11  +0.000143 +2.778e-09 +3.325e-07    +0.0118
   +0.0400 +6.982e-11 +0.0005566  +8.35e-09  +7.82e-07    +0.0279
   +0.0500 +2.046e-10  +0.001631 +1.982e-08 +1.512e-06    +0.0545
   +0.0600 +4.962e-10  +0.003955 +4.028e-08  +2.58e-06    +0.0942
   +0.0700 +1.052e-09  +0.008388 +7.336e-08 +4.036e-06    +0.1497
   +0.0800 +2.019e-09   +0.01609 +1.232e-07 +5.923e-06    +0.2234
   +0.0900 +3.586e-09   +0.02858 +1.941e-07 +8.271e-06    +0.3181
   +0.1000 +5.988e-09   +0.04773  +2.91e-07  +1.11e-05    +0.4363
   +0.1100 +9.508e-09   +0.07579 +4.186e-07 +1.442e-05    +0.5807
   +0.1200 +1.448e-08    +0.1154 +5.819e-07 +1.824e-05    +0.7538
   +0.1300 +2.128e-08    +0.1696 +7.858e-07 +2.253e-05    +0.9583
   +0.1400 +3.035e-08    +0.2419 +1.035e-06 +2.728e-05    +1.1968
   +0.1500 +4.214e-08     +0.336 +1.334e-06 +3.245e-05    +1.4718
   +0.1600 +5.719e-08    +0.4559 +1.686e-06   +3.8e-05    +1.7859
   +0.1700 +7.605e-08    +0.6062 +2.095e-06 +4.387e-05    +2.1417
   +0.1800  +9.93e-08    +0.7916 +2.564e-06     +5e-05    +2.5416
   +0.1900 +1.275e-07     +1.017 +3.096e-06 +5.633e-05    +2.9884
   +0.2000 +1.614e-07     +1.287 +3.692e-06 +6.278e-05    +3.4843
   +0.2100 +2.016e-07     +1.607 +4.352e-06 +6.928e-05    +4.0319
   +0.2200 +2.487e-07     +1.982 +5.077e-06 +7.575e-05    +4.6336
   +0.2300 +3.034e-07     +2.418 +5.866e-06  +8.21e-05    +5.2919
   +0.2400 +3.662e-07     +2.919 +6.718e-06 +8.827e-05    +6.0090
   +0.2500 +4.379e-07     +3.491 +7.631e-06 +9.418e-05    +6.7873
   +0.2600  +5.19e-07     +4.138   +8.6e-06 +9.976e-05    +7.6290
   +0.2700 +6.101e-07     +4.864 +9.624e-06 +0.0001049    +8.5363
   +0.2800 +7.117e-07     +5.673  +1.07e-05 +0.0001097    +9.5113
   +0.2900 +8.242e-07      +6.57 +1.181e-05 +0.0001139   +10.5559
   +0.3000 +9.481e-07     +7.558 +1.297e-05 +0.0001176   +11.6723
   +0.3100 +1.084e-06     +8.639 +1.416e-05 +0.0001207   +12.8621
   +0.3200 +1.231e-06     +9.817 +1.538e-05 +0.0001232   +14.1271
   +0.3300 +1.391e-06     +11.09 +1.662e-05 +0.0001251   +15.4689
   +0.3400 +1.564e-06     +12.47 +1.788e-05 +0.0001263   +16.8890
   +0.3500 +1.749e-06     +13.94 +1.915e-05  +0.000127   +18.3887
   +0.3600 +1.947e-06     +15.52 +2.042e-05 +0.0001271   +19.9692
   +0.3700 +2.157e-06      +17.2 +2.169e-05 +0.0001267   +21.6314
   +0.3800 +2.381e-06     +18.98 +2.295e-05 +0.0001257   +23.3762
   +0.3900 +2.616e-06     +20.86  +2.42e-05 +0.0001242   +25.2042
   +0.4000 +2.864e-06     +22.83 +2.543e-05 +0.0001223   +27.1158
   +0.4100 +3.125e-06     +24.91 +2.664e-05   +0.00012   +29.1111
   +0.4200 +3.397e-06     +27.08 +2.783e-05 +0.0001174   +31.1901
   +0.4300 +3.681e-06     +29.35 +2.899e-05 +0.0001145   +33.3524
   +0.4400 +3.977e-06      +31.7 +3.012e-05 +0.0001113   +35.5975
   +0.4500 +4.284e-06     +34.15 +3.121e-05 +0.0001079   +37.9243
   +0.4600 +4.601e-06     +36.68 +3.227e-05 +0.0001044   +40.3317
   +0.4700 +4.929e-06     +39.29  +3.33e-05 +0.0001008   +42.8181
   +0.4800 +5.267e-06     +41.99 +3.429e-05 +9.701e-05   +45.3815
   +0.4900 +5.615e-06     +44.76 +3.524e-05 +9.321e-05   +48.0198
   +0.5000 +5.972e-06      +47.6 +3.615e-05 +8.933e-05   +50.7301
   +0.5100 +6.338e-06     +50.52 +3.703e-05  +8.54e-05   +53.5095
   +0.5200 +6.712e-06     +53.51 +3.786e-05  +8.14e-05   +56.3545
   +0.5300 +7.095e-06     +56.56 +3.865e-05  +7.73e-05   +59.2610
   +0.5400 +7.485e-06     +59.67 +3.941e-05 +7.307e-05   +62.2248
   +0.5500 +7.883e-06     +62.84 +4.011e-05 +6.868e-05   +65.2410
   +0.5600 +8.287e-06     +66.06 +4.078e-05 +6.407e-05   +68.3041
   +0.5700 +8.698e-06     +69.34 +4.139e-05 +5.918e-05   +71.4084
   +0.5800 +9.115e-06     +72.66 +4.196e-05 +5.393e-05   +74.5474
   +0.5900 +9.537e-06     +76.03 +4.247e-05 +4.825e-05   +77.7144
   +0.6000 +9.964e-06     +79.43 +4.292e-05 +4.206e-05   +80.9017
   +0.6100  +1.04e-05     +82.87 +4.331e-05 +3.527e-05   +84.1015
   +0.6200 +1.083e-05     +86.33 +4.362e-05 +2.779e-05   +87.3052
   +0.6300 +1.127e-05     +89.82 +4.386e-05 +1.952e-05   +90.5036
   +0.6400 +1.171e-05     +93.32 +4.401e-05  +1.04e-05   +93.6871
   +0.6500 +1.215e-05     +96.83 +4.406e-05 +3.176e-07   +96.8455
   +0.6600 +1.259e-05     +100.3 +4.401e-05 -1.079e-05   +99.9680
   +0.6700 +1.303e-05     +103.8 +4.384e-05 -2.301e-05  +103.0431
   +0.6800 +1.346e-05     +107.3 +4.355e-05 -3.638e-05  +106.0589
   +0.6900  +1.39e-05     +110.8 +4.311e-05 -5.098e-05  +109.0030
   +0.7000 +1.433e-05     +114.2 +4.252e-05 -6.683e-05  +111.8623
   +0.7100 +1.475e-05     +117.6 +4.177e-05 -8.396e-05  +114.6234
   +0.7200 +1.516e-05     +120.9 +4.083e-05 -0.0001024  +117.2722
   +0.7300 +1.556e-05     +124.1 +3.971e-05 -0.0001221  +119.7942
   +0.7400 +1.595e-05     +127.2 +3.839e-05 -0.0001431  +122.1746
   +0.7500 +1.633e-05     +130.2 +3.685e-05 -0.0001652  +124.3981
   +0.7600 +1.669e-05       +133 +3.508e-05 -0.0001886  +126.4489
   +0.7700 +1.703e-05     +135.8 +3.307e-05  -0.000213  +128.3112
   +0.7800 +1.735e-05     +138.3 +3.081e-05 -0.0002385  +129.9686
   +0.7900 +1.765e-05     +140.7 +2.829e-05 -0.0002648  +131.4047
   +0.8000 +1.792e-05     +142.8 +2.551e-05 -0.0002919  +132.6029
   +0.8100 +1.816e-05     +144.7 +2.245e-05 -0.0003196  +133.5466
   +0.8200 +1.836e-05     +146.4 +1.912e-05 -0.0003478  +134.2190
   +0.8300 +1.854e-05     +147.8  +1.55e-05 -0.0003763  +134.6036
   +0.8400 +1.867e-05     +148.9 +1.159e-05 -0.0004049  +134.6839
   +0.8500 +1.877e-05     +149.6 +7.399e-06 -0.0004334  +134.4436
   +0.8600 +1.882e-05       +150 +2.923e-06 -0.0004617  +133.8669
   +0.8700 +1.883e-05     +150.1 -1.833e-06 -0.0004895  +132.9384
   +0.8800 +1.878e-05     +149.7 -6.864e-06 -0.0005167  +131.6431
   +0.8900 +1.869e-05       +149 -1.216e-05  -0.000543  +129.9668
   +0.9000 +1.854e-05     +147.8 -1.772e-05 -0.0005681  +127.8960
   +0.9100 +1.833e-05     +146.1 -2.352e-05  -0.000592  +125.4182
   +0.9200 +1.807e-05       +144 -2.955e-05 -0.0006144  +122.5218
   +0.9300 +1.774e-05     +141.4  -3.58e-05  -0.000635  +119.1964
   +0.9400 +1.735e-05     +138.3 -4.224e-05 -0.0006537  +115.4329
   +0.9500  +1.69e-05     +134.7 -4.886e-05 -0.0006703  +111.2234
   +0.9600 +1.637e-05     +130.5 -5.563e-05 -0.0006845  +106.5619
   +0.9700 +1.578e-05     +125.8 -6.254e-05 -0.0006962  +101.4438
   +0.9800 +1.512e-05     +120.5 -6.954e-05 -0.0007051   +95.8665
   +0.9900 +1.439e-05     +114.7 -7.663e-05 -0.0007112   +89.8292
   +1.0000 +1.359e-05     +108.3 -8.375e-05 -0.0007141   +83.3333
   +1.0100 +1.272e-05     +101.4 -9.089e-05 -0.0007138   +76.3825
   +1.0200 +1.177e-05     +93.84 -9.801e-05 -0.0007101   +68.9826
   +1.0300 +1.076e-05     +85.74 -0.0001051 -0.0007029   +61.1420
   +1.0400  +9.67e-06     +77.09 -0.0001121 -0.0006919   +52.8720
   +1.0500 +8.515e-06     +67.88 -0.0001189  -0.000677   +44.1860
   +1.0600 +7.293e-06     +58.14 -0.0001256 -0.0006581   +35.1008
   +1.0700 +6.005e-06     +47.87  -0.000132 -0.0006352   +25.6357
   +1.0800 +4.653e-06     +37.09 -0.0001383  -0.000608   +15.8132
   +1.0900 +3.241e-06     +25.83 -0.0001442 -0.0005764    +5.6588
   +1.1000 +1.771e-06     +14.11 -0.0001498 -0.0005404    -4.7991
   +1.1100 +2.467e-07     +1.967  -0.000155 -0.0004999   -15.5287
   +1.1200 -1.327e-06     -10.58 -0.0001597 -0.0004547   -26.4951
   +1.1300 -2.946e-06     -23.49  -0.000164 -0.0004049   -37.6604
   +1.1400 -4.606e-06     -36.72 -0.0001678 -0.0003505   -48.9834
   +1.1500 -6.301e-06     -50.23  -0.000171 -0.0002913   -60.4200
   +1.1600 -8.024e-06     -63.97 -0.0001736 -0.0002273   -71.9231
   +1.1700 -9.771e-06     -77.89 -0.0001755 -0.0001587   -83.4425
   +1.1800 -1.153e-05     -91.93 -0.0001768 -8.546e-05   -94.9253
   +1.1900  -1.33e-05       -106 -0.0001772 -7.645e-06  -106.3162
   +1.2000 -1.507e-05     -120.2 -0.0001769 +7.461e-05  -117.5571
   +1.2100 -1.684e-05     -134.2 -0.0001757 +0.0001612  -128.5878
   +1.2200 -1.859e-05     -148.2 -0.0001736 +0.0002518  -139.3464
   +1.2300 -2.031e-05     -161.9 -0.0001707 +0.0003463  -149.7688
   +1.2400   -2.2e-05     -175.3 -0.0001667 +0.0004443  -159.7898
   +1.2500 -2.364e-05     -188.4 -0.0001618 +0.0005456  -169.3431
   +1.2600 -2.523e-05     -201.1 -0.0001558 +0.0006498  -178.3615
   +1.2700 -2.675e-05     -213.2 -0.0001487 +0.0007563  -186.7777
   +1.2800  -2.82e-05     -224.8 -0.0001406 +0.0008647  -194.5245
   +1.2900 -2.956e-05     -235.6 -0.0001314 +0.0009745  -201.5352
   +1.3000 -3.082e-05     -245.7 -0.0001211  +0.001085  -207.7443
   +1.3100 -3.198e-05     -254.9 -0.0001097  +0.001195  -213.0876
   +1.3200 -3.302e-05     -263.2 -9.724e-05  +0.001305  -217.5034
   +1.3300 -3.392e-05     -270.4 -8.365e-05  +0.001413  -220.9323
   +1.3400 -3.468e-05     -276.5 -6.899e-05  +0.001519  -223.3185
   +1.3500  -3.53e-05     -281.4 -5.328e-05  +0.001622  -224.6098
   +1.3600 -3.575e-05       -285 -3.657e-05   +0.00172  -224.7584
   +1.3700 -3.603e-05     -287.2 -1.891e-05  +0.001813  -223.7216
   +1.3800 -3.612e-05       -288 -3.428e-07    +0.0019  -221.4625
   +1.3900 -3.603e-05     -287.2 +1.905e-05  +0.001979  -217.9502
   +1.4000 -3.574e-05     -284.9 +3.919e-05   +0.00205  -213.1606
   +1.4100 -3.524e-05     -280.9 +5.999e-05  +0.002111  -207.0772
   +1.4200 -3.454e-05     -275.3 +8.135e-05  +0.002161  -199.6914
   +1.4300 -3.361e-05       -268 +0.0001031  +0.002199  -191.0028
   +1.4400 -3.247e-05     -258.9 +0.0001253  +0.002224  -181.0203
   +1.4500 -3.111e-05       -248 +0.0001476  +0.002235  -169.7621
   +1.4600 -2.952e-05     -235.3 +0.0001699  +0.002231  -157.2559
   +1.4700 -2.771e-05     -220.9 +0.0001921   +0.00221  -143.5400
   +1.4800 -2.568e-05     -204.7  +0.000214  +0.002173  -128.6627
   +1.4900 -2.343e-05     -186.8 +0.0002355  +0.002118  -112.6830
   +1.5000 -2.097e-05     -167.2 +0.0002563  +0.002044   -95.6709
   +1.5100 -1.831e-05       -146 +0.0002762   +0.00195   -77.7066
   +1.5200 -1.545e-05     -123.2 +0.0002952  +0.001837   -58.8815
   +1.5300 -1.241e-05     -98.94 +0.0003129  +0.001704   -39.2972
   +1.5400   -9.2e-06     -73.34 +0.0003292  +0.001551   -19.0659
   +1.5500 -5.833e-06      -46.5 +0.0003438  +0.001377    +1.6908
   +1.5600  -2.33e-06     -18.57 +0.0003566  +0.001183   +22.8413
   +1.5700 +1.292e-06      +10.3 +0.0003674   +0.00097   +44.2456
   +1.5800  +5.01e-06     +39.94 +0.0003759 +0.0007377   +65.7554
   +1.5900 +8.801e-06     +70.16  +0.000382 +0.0004872   +87.2152
   +1.6000 +1.264e-05     +100.8 +0.0003856 +0.0002197  +108.4631
   +1.6100  +1.65e-05     +131.6 +0.0003863  -6.36e-05  +129.3321
   +1.6200 +2.036e-05     +162.3 +0.0003842 -0.0003611  +149.6511
   +1.6300 +2.418e-05     +192.7 +0.0003791 -0.0006711  +169.2463
   +1.6400 +2.793e-05     +222.6 +0.0003707 -0.0009913  +187.9425
   +1.6500 +3.158e-05     +251.8 +0.0003592   -0.00132  +205.5648
   +1.6600  +3.51e-05     +279.8 +0.0003443  -0.001654  +221.9400
   +1.6700 +3.846e-05     +306.6 +0.0003261   -0.00199  +236.8984
   +1.6800 +4.161e-05     +331.7 +0.0003045  -0.002327  +250.2756
   +1.6900 +4.454e-05       +355 +0.0002796   -0.00266  +261.9142
   +1.7000 +4.719e-05     +376.2 +0.0002513  -0.002987  +271.6656
   +1.7100 +4.955e-05       +395 +0.0002199  -0.003303  +279.3920
   +1.7200 +5.158e-05     +411.2 +0.0001853  -0.003606  +284.9683
   +1.7300 +5.325e-05     +424.5 +0.0001479  -0.003891  +288.2835
   +1.7400 +5.453e-05     +434.7 +0.0001076  -0.004155  +289.2433
   +1.7500 +5.539e-05     +441.6 +6.488e-05  -0.004394  +287.7710
   +1.7600 +5.582e-05       +445 +1.988e-05  -0.004604  +283.8097
   +1.7700 +5.578e-05     +444.7 -2.705e-05  -0.004782  +277.3236
   +1.7800 +5.527e-05     +440.6 -7.557e-05  -0.004923  +268.2996
   +1.7900 +5.427e-05     +432.6 -0.0001253  -0.005025  +256.7483
   +1.8000 +5.276e-05     +420.6 -0.0001758  -0.005083  +242.7051
   +1.8100 +5.075e-05     +404.6 -0.0002267  -0.005095  +226.2313
   +1.8200 +4.823e-05     +384.5 -0.0002775  -0.005058  +207.4143
   +1.8300  +4.52e-05     +360.3 -0.0003277   -0.00497  +186.3683
   +1.8400 +4.168e-05     +332.3 -0.0003767  -0.004829  +163.2342
   +1.8500 +3.767e-05     +300.3  -0.000424  -0.004633  +138.1793
   +1.8600 +3.321e-05     +264.7  -0.000469  -0.004381  +111.3971
   +1.8700  +2.83e-05     +225.6 -0.0005113  -0.004072   +83.1058
   +1.8800 +2.299e-05     +183.3 -0.0005502  -0.003707   +53.5479
   +1.8900 +1.731e-05       +138 -0.0005852  -0.003286   +22.9878
   +1.9000 +1.131e-05     +90.12 -0.0006156  -0.002812    -8.2894
   +1.9100 +5.017e-06     +39.99 -0.0006411  -0.002285   -39.9804
   +1.9200 -1.499e-06     -11.95 -0.0006611  -0.001709   -71.7666
   +1.9300 -8.185e-06     -65.25 -0.0006751  -0.001088  -103.3166
   +1.9400 -1.498e-05     -119.4 -0.0006826 -0.0004252  -134.2895
   +1.9500 -2.182e-05     -173.9 -0.0006834 +0.0002733  -164.3386
   +1.9600 -2.862e-05     -228.2  -0.000677  +0.001002  -193.1152
   +1.9700 -3.533e-05     -281.6 -0.0006633  +0.001754  -220.2722
   +1.9800 -4.186e-05     -333.7 -0.0006419  +0.002521  -245.4689
   +1.9900 -4.814e-05     -383.8 -0.0006128  +0.003297  -268.3750
   +2.0000 -5.409e-05     -431.2 -0.0005759  +0.004072  -288.6751
   +2.0100 -5.964e-05     -475.4 -0.0005314  +0.004838  -306.0734
   +2.0200  -6.47e-05     -515.7 -0.0004793  +0.005584  -320.2978
   +2.0300  -6.92e-05     -551.6 -0.0004199    +0.0063  -331.1048
   +2.0400 -7.307e-05     -582.5 -0.0003535  +0.006977  -338.2833
   +2.0500 -7.625e-05     -607.8 -0.0002806  +0.007604  -341.6593
   +2.0600 -7.866e-05     -627.1 -0.0002017   +0.00817  -341.0991
   +2.0700 -8.026e-05     -639.8 -0.0001175  +0.008666  -336.5130
   +2.0800   -8.1e-05     -645.7 -2.879e-05   +0.00908  -327.8585
   +2.0900 -8.082e-05     -644.3 +6.364e-05  +0.009405  -315.1426
   +2.1000 -7.971e-05     -635.5 +0.0001588  +0.009629  -298.4241
   +2.1100 -7.764e-05     -618.9 +0.0002557  +0.009746  -277.8147
   +2.1200  -7.46e-05     -594.7 +0.0003532  +0.009748  -253.4803
   +2.1300 -7.058e-05     -562.6   +0.00045  +0.009629  -225.6404
   +2.1400  -6.56e-05       -523 +0.0005451  +0.009383  -194.5677
   +2.1500 -5.969e-05     -475.8 +0.0006371  +0.009007  -160.5868
   +2.1600 -5.288e-05     -421.5 +0.0007246  +0.008498  -124.0715
   +2.1700 -4.522e-05     -360.5 +0.0008064  +0.007858   -85.4418
   +2.1800 -3.677e-05     -293.1 +0.0008811  +0.007085   -45.1602
   +2.1900 -2.762e-05     -220.2 +0.0009474  +0.006185    -3.7266
   +2.2000 -1.786e-05     -142.4  +0.001004  +0.005162   +38.3271
   +2.2100 -7.577e-06      -60.4   +0.00105  +0.004024   +80.4435
   +2.2200 +3.105e-06     +24.75  +0.001084   +0.00278  +122.0465
   +2.2300 +1.406e-05     +112.1  +0.001105  +0.001441  +162.5489
   +2.2400 +2.516e-05     +200.6  +0.001113 +2.199e-05  +201.3606
   +2.2500 +3.626e-05     +289.1  +0.001105  -0.001463  +237.8975
   +2.2600 +4.722e-05     +376.4  +0.001083  -0.002995  +271.5899
   +2.2700 +5.787e-05     +461.4  +0.001045  -0.004556  +301.8919
   +2.2800 +6.807e-05     +542.7 +0.0009919  -0.006125  +328.2909
   +2.2900 +7.766e-05     +619.1 +0.0009229  -0.007679  +350.3160
   +2.3000 +8.648e-05     +689.4 +0.0008385  -0.009195  +367.5476
   +2.3100 +9.438e-05     +752.4 +0.0007393   -0.01065  +379.6253
   +2.3200 +0.0001012     +806.9 +0.0006259   -0.01202  +386.2563
   +2.3300 +0.0001069     +851.8 +0.0004995   -0.01327  +387.2224
   +2.3400 +0.0001112     +886.2 +0.0003611   -0.01439  +382.3863
   +2.3500  +0.000114     +909.1 +0.0002124   -0.01535  +371.6970
   +2.3600 +0.0001154     +919.8 +5.496e-05   -0.01613  +355.1940
   +2.3700 +0.0001151     +917.7 -0.0001092   -0.01671  +333.0099
   +2.3800 +0.0001132     +902.3  -0.000278   -0.01705  +305.3720
   +2.3900 +0.0001096     +873.3 -0.0004491   -0.01716  +272.6019
   +2.4000 +0.0001042     +830.7   -0.00062   -0.01702  +235.1141
   +2.4100 +9.716e-05     +774.5 -0.0007881    -0.0166  +193.4122
   +2.4200 +8.846e-05     +705.2 -0.0009507   -0.01592  +148.0841
   +2.4300 +7.817e-05     +623.2  -0.001105   -0.01495   +99.7948
   +2.4400  +6.64e-05     +529.3  -0.001248   -0.01371   +49.2784
   +2.4500 +5.325e-05     +424.5  -0.001378   -0.01221    -2.6725
   +2.4600 +3.889e-05       +310  -0.001491   -0.01044   -55.2180
   +2.4700 +2.349e-05     +187.3  -0.001585  -0.008421  -107.4838
   +2.4800 +7.253e-06     +57.81  -0.001659  -0.006183  -158.5756
   +2.4900 -9.601e-06     -76.54  -0.001708  -0.003745  -207.5941
   +2.5000 -2.683e-05     -213.8  -0.001733  -0.001137  -253.6506
   +2.5100 -4.416e-05     -352.1   -0.00173  +0.001605  -295.8838
   +2.5200 -6.134e-05       -489    -0.0017  +0.004442  -333.4760
   +2.5300 -7.807e-05     -622.3  -0.001641  +0.007333  -365.6698
   +2.5400 -9.406e-05     -749.8  -0.001553   +0.01023  -391.7842
   +2.5500  -0.000109     -869.2  -0.001437   +0.01308  -411.2296
   +2.5600 -0.0001227     -978.1  -0.001292   +0.01585  -423.5226
   +2.5700 -0.0001348      -1074  -0.001121   +0.01846  -428.2981
   +2.5800  -0.000145      -1156 -0.0009238   +0.02088  -425.3211
   +2.5900 -0.0001532      -1221 -0.0007042   +0.02305  -414.4952
   +2.6000  -0.000159      -1268 -0.0004644   +0.02491  -395.8697
   +2.6100 -0.0001624      -1295 -0.0002076   +0.02643  -369.6433
   +2.6200 -0.0001632      -1301  +6.23e-05   +0.02756  -336.1658
   +2.6300 -0.0001611      -1285 +0.0003413   +0.02825  -295.9362
   +2.6400 -0.0001563      -1246 +0.0006249   +0.02847  -249.5983
   +2.6500 -0.0001486      -1185 +0.0009083    +0.0282  -197.9326
   +2.6600 -0.0001382      -1101  +0.001186   +0.02742  -141.8452
   +2.6700  -0.000125     -996.1  +0.001454   +0.02611   -82.3545
   +2.6800 -0.0001091       -870  +0.001706   +0.02427   -20.5736
   +2.6900 -9.091e-05     -724.7  +0.001937   +0.02191   +42.3087
   +2.7000 -7.049e-05     -561.9  +0.002142   +0.01906  +105.0504
   +2.7100 -4.818e-05     -384.1  +0.002316   +0.01573  +166.3795
   +2.7200  -2.43e-05     -193.7  +0.002454   +0.01196  +225.0202
   +2.7300 +7.694e-07     +6.134  +0.002553  +0.007817  +279.7190
   +2.7400 +2.661e-05     +212.2  +0.002609  +0.003346  +329.2727
   +2.7500 +5.279e-05     +420.8  +0.002619  -0.001379  +372.5547
   +2.7600 +7.882e-05     +628.4   +0.00258   -0.00628  +408.5428
   +2.7700 +0.0001042     +830.9  +0.002492   -0.01127  +436.3436
   +2.7800 +0.0001285      +1024  +0.002355   -0.01626  +455.2171
   +2.7900 +0.0001512      +1205  +0.002168   -0.02115  +464.5972
   +2.8000 +0.0001717      +1369  +0.001933   -0.02585  +464.1102
   +2.8100 +0.0001897      +1512  +0.001652   -0.03024  +453.5893
   +2.8200 +0.0002046      +1631   +0.00133   -0.03423  +433.0847
   +2.8300 +0.0002161      +1723 +0.0009702   -0.03772  +402.8700
   +2.8400 +0.0002239      +1785 +0.0005786   -0.04061  +363.4426
   +2.8500 +0.0002276      +1815 +0.0001614   -0.04283  +315.5199
   +2.8600 +0.0002271      +1810 -0.0002742   -0.04429  +260.0298
   +2.8700 +0.0002221      +1771 -0.0007203   -0.04493  +198.0957
   +2.8800 +0.0002127      +1695  -0.001168   -0.04469  +131.0169
   +2.8900 +0.0001988      +1584   -0.00161   -0.04355   +60.2437
   +2.9000 +0.0001805      +1439  -0.002035   -0.04148   -12.6522
   +2.9100 +0.0001582      +1261  -0.002434   -0.03848   -86.0111
   +2.9200 +0.0001319      +1052    -0.0028   -0.03457  -158.1219
   +2.9300 +0.0001023     +815.5  -0.003122   -0.02979  -227.2619
   +2.9400 +6.969e-05     +555.5  -0.003392   -0.02421  -291.7381
   +2.9500 +3.467e-05     +276.4  -0.003602   -0.01789  -349.9288
   +2.9600 -2.132e-06     -16.99  -0.003746   -0.01095  -400.3262
   +2.9700 -4.002e-05       -319  -0.003819  -0.003502  -441.5765
   +2.9800 -7.825e-05     -623.8  -0.003814  +0.004321  -472.5185
   +2.9900  -0.000116       -925  -0.003731   +0.01237  -492.2184
   +3.0000 -0.0001526      -1216  -0.003567   +0.02047  -500.0000
   +3.0100 -0.0001871      -1492  -0.003322   +0.02846  -495.4698
   +3.0200 -0.0002188      -1744  -0.002999   +0.03616  -478.5353
   +3.0300 -0.0002468      -1968  -0.002601   +0.04338  -449.4169
   +3.0400 -0.0002706      -2157  -0.002135   +0.04995  -408.6509
   +3.0500 -0.0002893      -2306  -0.001607    +0.0557  -357.0857
   +3.0600 -0.0003025      -2412  -0.001026   +0.06045  -295.8686
   +3.0700 -0.0003097      -2469 -0.0004032   +0.06407  -226.4245
   +3.0800 -0.0003105      -2475 +0.0002493   +0.06642  -150.4268
   +3.0900 -0.0003047      -2429 +0.0009184    +0.0674   -69.7599
   +3.1000 -0.0002921      -2329   +0.00159   +0.06692   +13.5248
   +3.1100 -0.0002729      -2176  +0.002249   +0.06494   +97.2593
   +3.1200 -0.0002472      -1971  +0.002881   +0.06143  +179.2143
   +3.1300 -0.0002154      -1717   +0.00347   +0.05641  +257.1583
   +3.1400  -0.000178      -1419  +0.004002   +0.04994  +328.9183
   +3.1500 -0.0001356      -1081  +0.004462    +0.0421  +392.4419
   +3.1600 -8.905e-05     -709.9  +0.004838   +0.03302  +445.8576
   +3.1700 -3.919e-05     -312.4  +0.005117   +0.02285  +487.5321
   +3.1800 +1.294e-05     +103.2  +0.005291    +0.0118  +516.1233
   +3.1900 +6.624e-05     +528.1   +0.00535 +7.296e-05  +530.6263
   +3.2000 +0.0001195       +953   +0.00529   -0.01207  +530.4117
   +3.2100 +0.0001716      +1368  +0.005108   -0.02437  +515.2543
   +3.2200 +0.0002213      +1764  +0.004803   -0.03653  +485.3510
   +3.2300 +0.0002673      +2131  +0.004379   -0.04827  +441.3269
   +3.2400 +0.0003085      +2459  +0.003841   -0.05929  +384.2293
   +3.2500 +0.0003438      +2740  +0.003199   -0.06928  +315.5088
   +3.2600 +0.0003722      +2967  +0.002462   -0.07799  +236.9877
   +3.2700 +0.0003928      +3131  +0.001646   -0.08515  +150.8166
   +3.2800 +0.0004049      +3228 +0.0007682   -0.09052   +59.4190
   +3.2900  +0.000408      +3252  -0.000154   -0.09391   -34.5734
   +3.3000 +0.0004017      +3202  -0.001099   -0.09516  -128.3950
   +3.3100  +0.000386      +3077  -0.002046   -0.09418  -219.2258
   +3.3200 +0.0003609      +2877  -0.002971   -0.09089  -304.2768
   +3.3300 +0.0003267      +2604  -0.003852   -0.08529  -380.8759
   +3.3400  +0.000284      +2264  -0.004666   -0.07745  -446.5539
   +3.3500 +0.0002337      +1863  -0.005391   -0.06748  -499.1270
   +3.3600 +0.0001766      +1408  -0.006006   -0.05556  -536.7722
   +3.3700  +0.000114     +908.7  -0.006493   -0.04191  -558.0949
   +3.3800 +4.722e-05     +376.4  -0.006837   -0.02682  -562.1844
   +3.3900 -2.222e-05     -177.1  -0.007024   -0.01061  -548.6556
   +3.4000 -9.271e-05       -739  -0.007045  +0.006325  -517.6758
   +3.4100 -0.0001626      -1296  -0.006896    +0.0236  -469.9738
   +3.4200 -0.0002301      -1834  -0.006574   +0.04077  -406.8316
   +3.4300 -0.0002935      -2339  -0.006083   +0.05741  -330.0569
   +3.4400 -0.0003512      -2799  -0.005431   +0.07307  -241.9383
   +3.4500 -0.0004016      -3201  -0.004629   +0.08732  -145.1827
   +3.4600 -0.0004433      -3534  -0.003693   +0.09974   -42.8363
   +3.4700 -0.0004751      -3787  -0.002645      +0.11   +61.8073
   +3.4800 -0.0004959      -3953  -0.001507    +0.1177  +165.3112
   +3.4900  -0.000505      -4026 -0.0003054    +0.1226  +264.2068
   +3.5000 -0.0005019      -4001 +0.0009297    +0.1245  +355.1108
   +3.5100 -0.0004864      -3877  +0.002168    +0.1232  +434.8422
   +3.5200 -0.0004586      -3656  +0.003378    +0.1188  +500.5363
   +3.5300  -0.000419      -3340  +0.004527    +0.1111  +549.7517
   +3.5400 -0.0003684      -2937  +0.005586    +0.1005  +580.5657
   +3.5500 -0.0003077      -2453  +0.006523   +0.08699  +591.6540
   +3.5600 -0.0002384      -1901  +0.007313   +0.07094  +582.3529
   +3.5700 -0.0001621      -1292  +0.007931    +0.0527  +552.6994
   +3.5800 -8.044e-05     -641.2  +0.008358   +0.03271  +503.4473
   +3.5900 +4.421e-06     +35.24  +0.008579   +0.01145  +436.0590
   +3.6000 +9.041e-05     +720.7  +0.008583   -0.01052  +352.6712
   +3.6100 +0.0001754      +1398  +0.008368   -0.03262  +256.0347
   +3.6200  +0.000257      +2049  +0.007933   -0.05427  +149.4309
   +3.6300 +0.0003333      +2657  +0.007287   -0.07487   +36.5655
   +3.6400 +0.0004021      +3206  +0.006444   -0.09383   -78.5560
   +3.6500 +0.0004616      +3680  +0.005422    -0.1106  -191.7679
   +3.6600   +0.00051      +4066  +0.004245    -0.1247  -298.8946
   +3.6700 +0.0005461      +4353  +0.002943    -0.1357  -395.9046
   +3.6800 +0.0005686      +4533  +0.001549    -0.1432  -479.0653
   +3.6900 +0.0005769      +4599 +9.797e-05     -0.147  -545.0898
   +3.7000 +0.0005705      +4548  -0.001371    -0.1468  -591.2722
   +3.7100 +0.0005495      +4381  -0.002819    -0.1427  -615.6044
   +3.7200 +0.0005143      +4100  -0.004206    -0.1348  -616.8696
   +3.7300 +0.0004657      +3713  -0.005496    -0.1231  -594.7086
   +3.7400 +0.0004049      +3227  -0.006651    -0.1079  -549.6540
   +3.7500 +0.0003333      +2657  -0.007639   -0.08971  -483.1315
   +3.7600 +0.0002527      +2015  -0.008432   -0.06892  -397.4263
   +3.7700 +0.0001654      +1318  -0.009007   -0.04611  -295.6138
   +3.7800 +7.338e-05       +585  -0.009347    -0.0219  -181.4584
   +3.7900 -2.076e-05     -165.5  -0.009441  +0.003036   -59.2804
   +3.8000 -0.0001146     -913.6  -0.009286   +0.02799   +66.2014
   +3.8100 -0.0002057      -1639  -0.008885   +0.05227  +190.0495
   +3.8200 -0.0002915      -2324  -0.008248   +0.07518  +307.3006
   +3.8300 -0.0003699      -2949  -0.007391   +0.09605  +413.1648
   +3.8400 -0.0004387      -3497   -0.00634    +0.1143  +503.2246
   +3.8500 -0.0004961      -3955  -0.005121    +0.1294  +573.6236
   +3.8600 -0.0005407      -4310   -0.00377    +0.1409  +621.2376
   +3.8700 -0.0005712      -4553  -0.002323    +0.1485  +643.8209
   +3.8800 -0.0005869      -4679 -0.0008206     +0.152  +640.1195
   +3.8900 -0.0005876      -4684 +0.0006955    +0.1513  +609.9468
   +3.9000 -0.0005731      -4569  +0.002184    +0.1464  +554.2161
   +3.9100 -0.0005441      -4338  +0.003603    +0.1375  +474.9278
   +3.9200 -0.0005014      -3997  +0.004915    +0.1249  +375.1101
   +3.9300 -0.0004463      -3558  +0.006085     +0.109  +258.7148
   +3.9400 -0.0003803      -3032  +0.007082   +0.09035  +130.4690
   +3.9500 -0.0003053      -2434  +0.007881   +0.06942    -4.3088
   +3.9600 -0.0002234      -1781  +0.008462   +0.04689  -139.9247
   +3.9700 -0.0001368      -1091  +0.008814   +0.02344  -270.5476
   +3.9800 -4.793e-05     -382.1   +0.00893 -0.0002402  -390.4593
   +3.9900 +4.097e-05     +326.6  +0.008811   -0.02345  -494.3078
   +4.0000 +0.0001275      +1017  +0.008466   -0.04555  -577.3503
   +4.0100 +0.0002096      +1671  +0.007909    -0.0659  -635.6768
   +4.0200 +0.0002851      +2273   +0.00716   -0.08397  -666.4026
   +4.0300 +0.0003522      +2808  +0.006243    -0.0993  -667.8199
   +4.0400 +0.0004095      +3264  +0.005189    -0.1115  -639.5009
   +4.0500 +0.0004557      +3632  +0.004029    -0.1204  -582.3457
   +4.0600 +0.0004898      +3905  +0.002798    -0.1258  -498.5717
   +4.0700 +0.0005115      +4078  +0.001531    -0.1277  -391.6418
   +4.0800 +0.0005205      +4149 +0.0002615    -0.1261  -266.1341
   +4.0900 +0.0005168      +4120  -0.000976    -0.1214  -127.5563
   +4.1000 +0.0005011      +3995  -0.002151    -0.1136   +17.8876
   +4.1100 +0.0004741      +3780  -0.003236    -0.1033  +163.5696
   +4.1200 +0.0004368      +3482  -0.004206   -0.09084  +302.7371
   +4.1300 +0.0003904      +3112  -0.005044   -0.07667  +428.8266
   +4.1400 +0.0003364      +2682  -0.005734   -0.06132  +535.7757
   +4.1500 +0.0002763      +2202  -0.006267   -0.04526  +618.3215
   +4.1600 +0.0002116      +1687  -0.006638   -0.02899  +672.2674
   +4.1700 +0.0001441      +1148  -0.006848   -0.01296  +694.7066
   +4.1800 +7.519e-05     +599.4  -0.006901  +0.002422  +684.1897
   +4.1900 +6.549e-06     +52.21  -0.006804   +0.01682  +640.8260
   +4.2000 -6.043e-05     -481.8   -0.00657   +0.02994  +566.3119
   +4.2100 -0.0001244     -992.1  -0.006213    +0.0416  +463.8827
   +4.2200 -0.0001843      -1469  -0.005747   +0.05165  +338.1878
   +4.2300 -0.0002391      -1906  -0.005188   +0.06003  +195.0930
   +4.2400 -0.0002878      -2295  -0.004554   +0.06674   +41.4173
   +4.2500   -0.00033      -2630  -0.003861   +0.07186  -115.3843
   +4.2600 -0.0003649      -2909  -0.003125   +0.07547  -267.5784
   +4.2700 -0.0003924      -3128  -0.002359   +0.07772  -407.5336
   +4.2800  -0.000412      -3285  -0.001576   +0.07876  -528.1060
   +4.2900 -0.0004239      -3379 -0.0007889   +0.07874  -623.0097
   +4.3000 -0.0004278      -3411 -6.158e-06   +0.07781  -687.1541
   +4.3100  -0.000424      -3380 +0.0007634    +0.0761  -716.9277
   +4.3200 -0.0004126      -3289  +0.001512   +0.07369  -710.4139
   +4.3300 -0.0003939      -3140  +0.002234   +0.07064  -667.5256
   +4.3400 -0.0003681      -2934  +0.002922   +0.06697  -590.0476
   +4.3500 -0.0003356      -2675   +0.00357   +0.06267  -481.5830
   +4.3600 -0.0002968      -2366  +0.004172   +0.05768  -347.4039
   +4.3700 -0.0002523      -2011   +0.00472   +0.05192  -194.2098
   +4.3800 -0.0002026      -1615  +0.005206    +0.0453   -29.8054
   +4.3900 -0.0001484      -1183  +0.005621   +0.03773  +137.2888
   +4.4000 -9.048e-05     -721.3  +0.005955   +0.02913  +298.2735
   +4.4100 -2.963e-05     -236.2  +0.006198   +0.01945  +444.5336
   +4.4200 +3.315e-05     +264.2  +0.006339  +0.008682  +568.1028
   +4.4300 +9.678e-05     +771.5  +0.006367  -0.003124  +662.1055
   +4.4400 +0.0001601      +1276  +0.006272   -0.01585  +721.1499
   +4.4500 +0.0002218      +1768  +0.006046   -0.02932  +741.6508
   +4.4600 +0.0002805      +2236  +0.005683   -0.04327  +722.0618
   +4.4700  +0.000335      +2670   +0.00518   -0.05735  +663.0011
   +4.4800 +0.0003837      +3059  +0.004537   -0.07118  +567.2617
   +4.4900 +0.0004253      +3390   +0.00376    -0.0843  +439.7008
   +4.5000 +0.0004585      +3655  +0.002857   -0.09622  +287.0126
   +4.5100 +0.0004821      +3843  +0.001844    -0.1064  +117.3922
   +4.5200  +0.000495      +3946 +0.0007397    -0.1145   -59.8923
   +4.5300 +0.0004966      +3959 -0.0004318    -0.1198  -234.9990
   +4.5400 +0.0004863      +3876  -0.001642    -0.1221  -398.0562
   +4.5500 +0.0004638      +3697  -0.002857     -0.121  -539.7207
   +4.5600 +0.0004292      +3422  -0.004045    -0.1164  -651.7203
   +4.5700 +0.0003831      +3054  -0.005167     -0.108  -727.3477
   +4.5800 +0.0003262      +2601  -0.006187   -0.09607  -761.8768
   +4.5900 +0.0002598      +2071  -0.007071   -0.08068  -752.8741
   +4.6000 +0.0001854      +1478  -0.007785   -0.06223  -700.3849
   +4.6100 +0.0001048     +835.1  -0.008303    -0.0412  -606.9791
   +4.6200 +2.005e-05     +159.9    -0.0086   -0.01821  -477.6516
   +4.6300 -6.645e-05     -529.7  -0.008661  +0.006004  -319.5760
   +4.6400 -0.0001523      -1214  -0.008478   +0.03065  -141.7250
   +4.6500 -0.0002352      -1875   -0.00805   +0.05487   +45.6249
   +4.6600 -0.0003126      -2492  -0.007387    +0.0778  +231.4788
   +4.6700 -0.0003822      -3047  -0.006504   +0.09861  +404.7652
   +4.6800  -0.000442      -3523  -0.005429    +0.1165  +554.9978
   +4.6900 -0.0004902      -3908  -0.004192    +0.1309  +672.9175
   +4.7000 -0.0005254      -4189  -0.002832    +0.1411  +751.0755
   +4.7100 -0.0005466      -4357  -0.001392    +0.1469  +784.3200
   +4.7200 -0.0005531      -4409 +8.294e-05     +0.148  +770.1545
   +4.7300  -0.000545      -4344  +0.001545    +0.1444  +708.9409
   +4.7400 -0.0005224      -4165  +0.002948    +0.1362  +603.9325
   +4.7500 -0.0004864      -3877  +0.004249    +0.1239  +461.1282
   +4.7600 -0.0004379      -3491  +0.005409     +0.108  +288.9532
   +4.7700 -0.0003788      -3019  +0.006394   +0.08906   +97.7812
   +4.7800 -0.0003107      -2477  +0.007179    +0.0679  -100.6764
   +4.7900 -0.0002359      -1881  +0.007745   +0.04533  -294.0804
   +4.8000 -0.0001566      -1248  +0.008083   +0.02223  -470.2282
   +4.8100 -7.503e-05     -598.1  +0.008191 -0.0005627  -617.8285
   +4.8200 +6.487e-06     +51.71  +0.008077   -0.02226  -727.2355
   +4.8300 +8.581e-05     +684.1  +0.007755   -0.04215  -791.0945
   +4.8400  +0.000161      +1283  +0.007246   -0.05966  -804.8557
   +4.8500 +0.0002302      +1835  +0.006576   -0.07435  -767.1194
   +4.8600  +0.000292      +2328  +0.005774   -0.08594  -679.7848
   +4.8700 +0.0003454      +2753  +0.004873   -0.09431  -547.9884
   +4.8800 +0.0003893      +3103  +0.003904   -0.09951  -379.8300
   +4.8900 +0.0004233      +3374  +0.002898    -0.1017  -185.8982
   +4.9000 +0.0004472      +3565  +0.001883    -0.1012   +21.3778
   +4.9100  +0.000461      +3675 +0.0008844   -0.09847  +228.5134
   +4.9200  +0.000465      +3707 -7.725e-05   -0.09386  +421.8404
   +4.9300 +0.0004597      +3664 -0.0009859   -0.08788  +588.4113
   +4.9400 +0.0004455      +3551   -0.00183   -0.08099  +716.8757
   +4.9500 +0.0004233      +3374  -0.002603    -0.0736  +798.2693
   +4.9600 +0.0003937      +3138  -0.003301   -0.06605  +826.6594
   +4.9700 +0.0003575      +2850  -0.003925   -0.05858  +799.6012
   +4.9800 +0.0003155      +2515  -0.004474   -0.05132  +718.3661
   +4.9900 +0.0002683      +2138  -0.004952    -0.0443  +587.9232
   +5.0000 +0.0002166      +1727  -0.005361   -0.03744  +416.6667
   +5.0100 +0.0001613      +1286  -0.005701   -0.03056  +215.9027
   +5.0200 +0.0001029     +819.9  -0.005971   -0.02345    -0.8762
   +5.0300  +4.21e-05     +335.6  -0.006167   -0.01584  -218.8840
   +5.0400 -2.023e-05     -161.3  -0.006284  -0.007479  -423.0435
   +5.0500 -8.329e-05       -664  -0.006312  +0.001855  -599.0307
   +5.0600 -0.0001461      -1165  -0.006241   +0.01231  -734.2897
   +5.0700 -0.0002078      -1656   -0.00606   +0.02392  -818.9456
   +5.0800 -0.0002669      -2128  -0.005758   +0.03661  -846.5478
   +5.0900 -0.0003225      -2571  -0.005324   +0.05017  -814.5872
   +5.1000  -0.000373      -2973  -0.004752   +0.06424  -724.7441
   +5.1100  -0.000417      -3324  -0.004039   +0.07833  -582.8434
   +5.1200 -0.0004533      -3613  -0.003188   +0.09185  -398.5101
   +5.1300 -0.0004804      -3829  -0.002208    +0.1041  -184.5459
   +5.1400 -0.0004971      -3962  -0.001115    +0.1145   +43.9386
   +5.1500 -0.0005024      -4005 +6.808e-05    +0.1221  +270.5767
   +5.1600 -0.0004955      -3950  +0.001312    +0.1265  +478.9130
   +5.1700  -0.000476      -3795   +0.00258    +0.1271  +653.6022
   +5.1800  -0.000444      -3539  +0.003832    +0.1234  +781.5519
   +5.1900 -0.0003996      -3185  +0.005027    +0.1154  +852.9243
   +5.2000 -0.0003438      -2740  +0.006118    +0.1029  +861.9190
   +5.2100 -0.0002777      -2214  +0.007064   +0.08632  +807.2722
   +5.2200 -0.0002031      -1619  +0.007826   +0.06604  +692.4298
   +5.2300 -0.0001219     -971.9   +0.00837   +0.04278  +525.3715
   +5.2400  -3.65e-05       -291  +0.008671    +0.0174  +318.0913
   +5.2500 +5.064e-05     +403.6  +0.008713  -0.009082   +85.7650
   +5.2600 +0.0001369      +1091  +0.008489   -0.03558  -154.3407
   +5.2700 +0.0002196      +1750  +0.008006   -0.06098  -384.1402
   +5.2800 +0.0002962      +2361  +0.007281    -0.0842  -586.0904
   +5.2900 +0.0003644      +2905  +0.006338    -0.1043  -744.5394
   +5.3000 +0.0004223      +3367  +0.005215    -0.1204  -846.9574
   +5.3100 +0.0004683      +3733  +0.003953    -0.1319  -884.9539
   +5.3200 +0.0005011      +3995  +0.002601    -0.1386  -854.9954
   +5.3300 +0.0005202      +4146  +0.001207    -0.1401  -758.7622
   +5.3400 +0.0005253      +4187  -0.000178    -0.1369  -603.1053
   +5.3500 +0.0005168      +4120  -0.001508    -0.1291  -399.5997
   +5.3600 +0.0004954      +3949  -0.002741    -0.1175  -163.7168
   +5.3700 +0.0004624      +3686  -0.003843    -0.1028   +86.3261
   +5.3800 +0.0004191      +3341  -0.004787     -0.086  +330.9579
   +5.3900 +0.0003672      +2927  -0.005557    -0.0679  +550.7806
   +5.4000 +0.0003086      +2460  -0.006144   -0.04948  +728.1153
   +5.4100  +0.000245      +1953  -0.006549   -0.03155  +848.4408
   +5.4200 +0.0001782      +1420  -0.006781   -0.01482  +901.6097
   +5.4300 +0.0001099     +875.9  -0.006854 +0.0001944  +882.7371
   +5.4400 +4.157e-05     +331.4  -0.006787   +0.01318  +792.6815
   +5.4500 -2.546e-05       -203  -0.006601   +0.02403  +638.0712
   +5.4600 -9.012e-05     -718.4  -0.006317   +0.03284  +430.8608
   +5.4700 -0.0001515      -1208  -0.005953   +0.03987  +187.4445
   +5.4800  -0.000209      -1666  -0.005526   +0.04552   -72.6128
   +5.4900 -0.0002619      -2088  -0.005047   +0.05027  -328.1303
   +5.5000 -0.0003098      -2469  -0.004523   +0.05461  -558.0313
   +5.5100 -0.0003522      -2807  -0.003955   +0.05898  -743.0886
   +5.5200 -0.0003887      -3099  -0.003341   +0.06374  -867.5513
   +5.5300 -0.0004188      -3339  -0.002677   +0.06909  -920.5147
   +5.5400 -0.0004421      -3524  -0.001956   +0.07506  -896.9108
   +5.5500 -0.0004578      -3649  -0.001174   +0.08146  -798.0293
   +5.5600 -0.0004653      -3709 -0.0003267   +0.08794  -631.5119
   +5.5700 -0.0004641      -3699 +0.0005828   +0.09396  -410.8093
   +5.5800 -0.0004535      -3615  +0.001547   +0.09888  -154.1346
   +5.5900  -0.000433      -3452  +0.002551     +0.102  +117.0108
   +5.6000 -0.0004024      -3208  +0.003574    +0.1025  +379.6209
   +5.6100 -0.0003616      -2882  +0.004585   +0.09981  +611.1335
   +5.6200 -0.0003108      -2478  +0.005551   +0.09341  +791.3790
   +5.6300 -0.0002508      -2000  +0.006433   +0.08297  +904.3596
   +5.6400 -0.0001826      -1456   +0.00719   +0.06844  +939.7031
   +5.6500 -0.0001076     -857.6  +0.007782   +0.05003  +893.6545
   +5.6600 -2.761e-05     -220.1  +0.008174   +0.02828  +769.5090
   +5.6700 +5.513e-05     +439.5  +0.008335  +0.003941  +577.4362
   +5.6800 +0.0001383      +1102  +0.008245   -0.02195  +333.6953
   +5.6900 +0.0002192      +1747  +0.007894   -0.04822   +59.2986
   +5.7000 +0.0002953      +2354  +0.007285   -0.07359  -221.7731
   +5.7100 +0.0003641      +2902  +0.006433   -0.09677  -484.6522
   +5.7200 +0.0004232      +3374  +0.005367    -0.1166  -705.7865
   +5.7300 +0.0004708      +3753  +0.004124    -0.1319  -865.0655
   +5.7400 +0.0005053      +4028  +0.002754    -0.1422  -947.6790
   +5.7500 +0.0005256      +4190  +0.001309    -0.1467  -945.5332
   +5.7600 +0.0005314      +4236 -0.0001522    -0.1456  -858.0878
   +5.7700 +0.0005227      +4167  -0.001574    -0.1388  -692.5225
   +5.7800 +0.0005002      +3988  -0.002904    -0.1272  -463.2051
   +5.7900 +0.0004651      +3708  -0.004097    -0.1114  -190.4917
   +5.8000 +0.0004189      +3339  -0.005116   -0.09251  +101.0442
   +5.8100 +0.0003634      +2897  -0.005938   -0.07178  +384.8042
   +5.8200 +0.0003008      +2398  -0.006549   -0.05038  +634.5866
   +5.8300 +0.0002332      +1859  -0.006948   -0.02948  +827.0165
   +5.8400 +0.0001625      +1296  -0.007146   -0.01005  +943.7599
   +5.8500 +9.086e-05     +724.3   -0.00716  +0.007115  +973.3090
   +5.8600 +1.985e-05     +158.2  -0.007017   +0.02154  +912.1629
   +5.8700 -4.905e-05       -391  -0.006744   +0.03304  +765.2795
   +5.8800 -0.0001147     -914.3   -0.00637   +0.04172  +545.7381
   +5.8900 -0.0001762      -1405  -0.005922   +0.04795  +273.6295
   +5.9000  -0.000233      -1857  -0.005421   +0.05232   -25.7407
   +5.9100 -0.0002845      -2268  -0.004881   +0.05553  -324.1772
   +5.9200 -0.0003305      -2635  -0.004312   +0.05832  -593.2406
   +5.9300 -0.0003706      -2955  -0.003714   +0.06136  -806.9647
   +5.9400 -0.0004046      -3226  -0.003081   +0.06518  -944.3874
   +5.9500 -0.0004321      -3445  -0.002405   +0.07009  -991.6454
   +5.9600 -0.0004526      -3608  -0.001674   +0.07612  -943.4221
   +5.9700 -0.0004654      -3710 -0.0008778   +0.08303  -803.5917
   +5.9800 -0.0004699      -3746 -1.115e-05    +0.0903  -584.9813
   +5.9900 -0.0004654      -3710 +0.0009263   +0.09718  -308.2534
   +6.0000 -0.0004511      -3596  +0.001926    +0.1028    -0.0000
   +6.0100 -0.0004267      -3401   +0.00297     +0.106  +309.0170
   +6.0200 -0.0003917      -3122   +0.00403     +0.106  +587.7853
   +6.0300 -0.0003462      -2759   +0.00507     +0.102  +809.0170
   +6.0400 -0.0002905      -2316  +0.006046   +0.09334  +951.0565
   +6.0500 -0.0002256      -1798  +0.006913   +0.07995 +1000.0000
   +6.0600 -0.0001528      -1218  +0.007622   +0.06197  +951.0565
   +6.0700 -7.383e-05     -588.5  +0.008132   +0.03993  +809.0170
   +6.0800 +9.068e-06     +72.29  +0.008405   +0.01473  +587.7853
   +6.0900  +9.34e-05     +744.6  +0.008416   -0.01244  +309.0170
   +6.1000 +0.0001765      +1407  +0.008153    -0.0402    +0.0000
   +6.1100 +0.0002556      +2037  +0.007617   -0.06703  -309.0170
   +6.1200  +0.000328      +2614  +0.006824   -0.09149  -587.7853
   +6.1300 +0.0003913      +3119  +0.005806    -0.1122  -809.0170
   +6.1400 +0.0004435      +3535  +0.004604    -0.1282  -951.0565
   +6.1500 +0.0004829      +3850   +0.00327    -0.1386 -1000.0000
   +6.1600 +0.0005086      +4055  +0.001862     -0.143  -951.0565
   +6.1700 +0.0005201      +4146 +0.0004392    -0.1416  -809.0170
   +6.1800 +0.0005176      +4126 -0.0009421    -0.1347  -587.7853
   +6.1900 +0.0005016      +3998  -0.002231    -0.1231  -309.0170
   +6.2000 +0.0004734      +3774  -0.003385    -0.1078    -0.0000
   +6.2100 +0.0004344      +3463  -0.004375   -0.09012  +309.0170
   +6.2200 +0.0003865      +3081  -0.005182   -0.07123  +587.7853
   +6.2300 +0.0003314      +2642    -0.0058   -0.05237  +809.0170
   +6.2400 +0.0002711      +2161  -0.006234   -0.03457  +951.0565
   +6.2500 +0.0002073      +1653  -0.006501   -0.01864 +1000.0000
   +6.2600 +0.0001416      +1129  -0.006619  -0.005076  +951.0565
   +6.2700 +7.533e-05     +600.5  -0.006615  +0.005958  +809.0170
   +6.2800 +9.625e-06     +76.72  -0.006512    +0.0146  +587.7853
   +6.2900 -5.465e-05     -435.7  -0.006333   +0.02128  +309.0170
   +6.3000 -0.0001168     -931.3  -0.006093   +0.02661    +0.0000
   +6.3100 -0.0001763      -1406  -0.005803   +0.03134  -309.0170
   +6.3200 -0.0002327      -1855  -0.005466   +0.03621  -587.7853
   +6.3300 -0.0002855      -2276  -0.005075   +0.04191  -809.0170
   +6.3400  -0.000334      -2663  -0.004621    +0.0489  -951.0565
   +6.3500 -0.0003776      -3010  -0.004089   +0.05744 -1000.0000
   +6.3600 -0.0004155      -3312  -0.003465   +0.06746  -951.0565
   +6.3700 -0.0004466      -3560  -0.002734    +0.0786  -809.0170
   +6.3800 -0.0004698      -3745   -0.00189   +0.09021  -587.7853
   +6.3900  -0.000484      -3858 -0.0009323    +0.1014  -309.0170
   +6.4000 -0.0004881      -3891 +0.0001306    +0.1112    -0.0000
   +6.4100 -0.0004811      -3835  +0.001279    +0.1184  +309.0170
   +6.4200 -0.0004624      -3686  +0.002481    +0.1221  +587.7853
   +6.4300 -0.0004314      -3439  +0.003698    +0.1214  +809.0170
   +6.4400 -0.0003885      -3097  +0.004884    +0.1157  +951.0565
   +6.4500 -0.0003341      -2663  +0.005985    +0.1047 +1000.0000
   +6.4600 -0.0002692      -2146  +0.006951   +0.08849  +951.0565
   +6.4700 -0.0001957      -1560  +0.007732   +0.06768  +809.0170
   +6.4800 -0.0001154     -919.6  +0.008286   +0.04307  +587.7853
   +6.4900  -3.08e-05     -245.6   +0.00858   +0.01585  +309.0170
   +6.5000 +5.531e-05     +440.9  +0.008596    -0.0126    +0.0000
   +6.5100 +0.0001402      +1117   +0.00833   -0.04076  -309.0170
   +6.5200  +0.000221      +1762   +0.00779   -0.06713  -587.7853
   +6.5300 +0.0002952      +2353  +0.007003   -0.09034  -809.0170
   +6.5400 +0.0003604      +2873  +0.006005    -0.1092  -951.0565
   +6.5500 +0.0004147      +3306  +0.004844     -0.123 -1000.0000
   +6.5600 +0.0004569      +3642  +0.003572    -0.1312  -951.0565
   +6.5700  +0.000486      +3874  +0.002247    -0.1338  -809.0170
   +6.5800 +0.0005018      +4000 +0.0009227    -0.1311  -587.7853
   +6.5900 +0.0005046      +4022 -0.0003515    -0.1238  -309.0170
   +6.6000 +0.0004951      +3947  -0.001534    -0.1128    -0.0000
   +6.6100 +0.0004743      +3781  -0.002594    -0.0992  +309.0170
   +6.6200 +0.0004437      +3537  -0.003511   -0.08426  +587.7853
   +6.6300 +0.0004046      +3225  -0.004278   -0.06904  +809.0170
   +6.6400 +0.0003586      +2859  -0.004895   -0.05451  +951.0565
   +6.6500 +0.0003072      +2449  -0.005375   -0.04139 +1000.0000
   +6.6600 +0.0002515      +2005  -0.005732   -0.03011  +951.0565
   +6.6700 +0.0001929      +1537  -0.005987   -0.02081  +809.0170
   +6.6800 +0.0001321      +1053  -0.006157   -0.01329  +587.7853
   +6.6900 +6.993e-05     +557.5  -0.006259  -0.007099  +309.0170
   +6.7000 +7.076e-06     +56.41  -0.006303  -0.001612    +0.0000
   +6.7100 -5.594e-05     -445.9  -0.006291  +0.003912  -309.0170
   +6.7200 -0.0001186     -945.1  -0.006221   +0.01021  -587.7853
   +6.7300 -0.0001801      -1436   -0.00608   +0.01791  -809.0170
   +6.7400 -0.0002399      -1912  -0.005853   +0.02746  -951.0565
   +6.7500 -0.0002968      -2366  -0.005521   +0.03904 -1000.0000
   +6.7600 -0.0003499      -2789  -0.005063   +0.05251  -951.0565
   +6.7700 -0.0003976      -3170  -0.004463   +0.06745  -809.0170
   +6.7800 -0.0004386      -3497  -0.003711   +0.08311  -587.7853
   +6.7900 -0.0004713      -3757  -0.002802   +0.09852  -309.0170
   +6.8000 -0.0004942      -3939  -0.001747    +0.1126    -0.0000
   +6.8100 -0.0005058      -4032  -0.000564     +0.124  +309.0170
   +6.8200 -0.0005051      -4027 +0.0007154    +0.1318  +587.7853
   +6.8300 -0.0004913      -3917   +0.00205     +0.135  +809.0170
   +6.8400 -0.0004641      -3700  +0.003389    +0.1329  +951.0565
   +6.8500 -0.0004237      -3378  +0.004679    +0.1251 +1000.0000
   +6.8600 -0.0003709      -2957  +0.005863    +0.1117  +951.0565
   +6.8700  -0.000307      -2447  +0.006886   +0.09304  +809.0170
   +6.8800 -0.0002339      -1864  +0.007702   +0.07006  +587.7853
   +6.8900 -0.0001538      -1226  +0.008271   +0.04386  +309.0170
   +6.9000 -6.935e-05     -552.9  +0.008569    +0.0158    +0.0000
   +6.9100 +1.666e-05     +132.8  +0.008585   -0.01262  -309.0170
   +6.9200 +0.0001014     +808.5  +0.008323   -0.03989  -587.7853
   +6.9300 +0.0001822      +1453    +0.0078   -0.06462  -809.0170
   +6.9400 +0.0002567      +2046  +0.007049   -0.08563  -951.0565
   +6.9500 +0.0003226      +2572  +0.006111     -0.102 -1000.0000
   +6.9600 +0.0003784      +3017  +0.005033    -0.1134  -951.0565
   +6.9700  +0.000423      +3372  +0.003869    -0.1195  -809.0170
   +6.9800 +0.0004557      +3633  +0.002669    -0.1206  -587.7853
   +6.9900 +0.0004764      +3798   +0.00148    -0.1173  -309.0170
   +7.0000 +0.0004854      +3870 +0.0003402    -0.1106    -0.0000
   +7.0100 +0.0004835      +3854 -0.0007191    -0.1013  +309.0170
   +7.0200 +0.0004714      +3758  -0.001678   -0.09057  +587.7853
   +7.0300 +0.0004503      +3589  -0.002528   -0.07944  +809.0170
   +7.0400 +0.0004212      +3358  -0.003269   -0.06876  +951.0565
   +7.0500 +0.0003852      +3071  -0.003909   -0.05917 +1000.0000
   +7.0600 +0.0003433      +2737   -0.00446   -0.05102  +951.0565
   +7.0700 +0.0002963      +2362  -0.004937   -0.04436  +809.0170
   +7.0800 +0.0002448      +1951  -0.005353   -0.03896  +587.7853
   +7.0900 +0.0001894      +1510   -0.00572    -0.0343  +309.0170
   +7.1000 +0.0001305      +1041   -0.00604   -0.02973    +0.0000
   +7.1100 +6.873e-05     +547.9  -0.006311   -0.02448  -309.0170
   +7.1200  +4.51e-06     +35.95  -0.006522   -0.01782  -587.7853
   +7.1300 -6.146e-05     -489.9  -0.006657  -0.009117  -809.0170
   +7.1400 -0.0001283      -1023  -0.006692  +0.002049  -951.0565
   +7.1500 -0.0001949      -1554  -0.006603   +0.01582 -1000.0000
   +7.1600 -0.0002599      -2072  -0.006364   +0.03201  -951.0565
   +7.1700 -0.0003216      -2564  -0.005953   +0.05013  -809.0170
   +7.1800 -0.0003783      -3016  -0.005356   +0.06937  -587.7853
   +7.1900 -0.0004281      -3412  -0.004566   +0.08867  -309.0170
   +7.2000  -0.000469      -3739  -0.003588    +0.1068    -0.0000
   +7.2100 -0.0004993      -3980  -0.002441    +0.1225  +309.0170
   +7.2200 -0.0005174      -4124  -0.001155    +0.1346  +587.7853
   +7.2300 -0.0005221      -4162 +0.0002278     +0.142  +809.0170
   +7.2400 -0.0005126      -4087  +0.001658    +0.1439  +951.0565
   +7.2500 -0.0004889      -3898  +0.003077    +0.1399 +1000.0000
   +7.2600 -0.0004513      -3598  +0.004426      +0.13  +951.0565
   +7.2700 -0.0004008      -3195  +0.005648    +0.1144  +809.0170
   +7.2800  -0.000339      -2702   +0.00669     +0.094  +587.7853
   +7.2900 -0.0002678      -2135  +0.007509   +0.06982  +309.0170
   +7.3000 -0.0001896      -1512  +0.008074   +0.04319    +0.0000
   +7.3100 -0.0001072     -854.5  +0.008368   +0.01558  -309.0170
   +7.3200 -2.318e-05     -184.8  +0.008389   -0.01151  -587.7853
   +7.3300 +5.971e-05       +476  +0.008148   -0.03671  -809.0170
   +7.3400  +0.000139      +1108   +0.00767   -0.05883  -951.0565
   +7.3500 +0.0002124      +1693  +0.006991   -0.07696 -1000.0000
   +7.3600 +0.0002783      +2218  +0.006153   -0.09055  -951.0565
   +7.3700 +0.0003351      +2672  +0.005203   -0.09944  -809.0170
   +7.3800 +0.0003821      +3046  +0.004187    -0.1038  -587.7853
   +7.3900 +0.0004188      +3338  +0.003147    -0.1042  -309.0170
   +7.4000 +0.0004451      +3548  +0.002119    -0.1014    -0.0000
   +7.4100 +0.0004613      +3677  +0.001131   -0.09624  +309.0170
   +7.4200 +0.0004679      +3730 +0.0002008   -0.08978  +587.7853
   +7.4300 +0.0004655      +3711 -0.0006627   -0.08292  +809.0170
   +7.4400 +0.0004549      +3626  -0.001459   -0.07643  +951.0565
   +7.4500 +0.0004366      +3480  -0.002196   -0.07086 +1000.0000
   +7.4600 +0.0004111      +3277  -0.002882   -0.06646  +951.0565
   +7.4700  +0.000379      +3021  -0.003531   -0.06321  +809.0170
   +7.4800 +0.0003406      +2715  -0.004151   -0.06078  +587.7853
   +7.4900 +0.0002961      +2360  -0.004748   -0.05861  +309.0170
   +7.5000 +0.0002457      +1959  -0.005321   -0.05597    +0.0000
   +7.5100 +0.0001898      +1513  -0.005861   -0.05205  -309.0170
   +7.5200 +0.0001287      +1026  -0.006352    -0.0461  -587.7853
   +7.5300   +6.3e-05     +502.2  -0.006769   -0.03746  -809.0170
   +7.5400 -6.373e-06      -50.8  -0.007085   -0.02572  -951.0565
   +7.5500 -7.826e-05     -623.9  -0.007268   -0.01075 -1000.0000
   +7.5600 -0.0001512      -1205  -0.007285  +0.007259  -951.0565
   +7.5700 -0.0002233      -1780   -0.00711   +0.02775  -809.0170
   +7.5800 -0.0002927      -2333  -0.006722   +0.04986  -587.7853
   +7.5900  -0.000357      -2846   -0.00611   +0.07248  -309.0170
   +7.6000 -0.0004141      -3301  -0.005276   +0.09432    -0.0000
   +7.6100 -0.0004618      -3682  -0.004234     +0.114  +309.0170
   +7.6200 -0.0004982      -3972  -0.003013    +0.1303  +587.7853
   +7.6300 -0.0005216      -4158  -0.001652    +0.1419  +809.0170
   +7.6400  -0.000531      -4233 -0.0002019    +0.1481  +951.0565
   +7.6500 -0.0005256      -4190   +0.00128    +0.1483 +1000.0000
   +7.6600 -0.0005055      -4029  +0.002733    +0.1423  +951.0565
   +7.6700 -0.0004712      -3756  +0.004097    +0.1304  +809.0170
   +7.6800  -0.000424      -3380  +0.005316    +0.1134  +587.7853
   +7.6900 -0.0003655      -2914  +0.006343   +0.09209  +309.0170
   +7.7000 -0.0002979      -2375  +0.007143   +0.06785    +0.0000
   +7.7100 -0.0002235      -1782  +0.007692   +0.04208  -309.0170
   +7.7200 -0.0001449      -1155  +0.007984   +0.01622  -587.7853
   +7.7300 -6.469e-05     -515.7  +0.008023   -0.00838  -809.0170
   +7.7400 +1.475e-05     +117.6  +0.007828   -0.03053  -951.0565
   +7.7500 +9.119e-05     +726.9  +0.007429   -0.04934 -1000.0000
   +7.7600 +0.0001628      +1297  +0.006861   -0.06424  -951.0565
   +7.7700  +0.000228      +1817  +0.006165   -0.07504  -809.0170
   +7.7800 +0.0002858      +2278   +0.00538   -0.08188  -587.7853
   +7.7900 +0.0003354      +2674  +0.004544   -0.08522  -309.0170
   +7.8000 +0.0003766      +3002   +0.00369   -0.08577    -0.0000
   +7.8100 +0.0004092      +3262  +0.002839   -0.08437  +309.0170
   +7.8200 +0.0004334      +3455  +0.002007   -0.08192  +587.7853
   +7.8300 +0.0004494      +3583  +0.001201   -0.07925  +809.0170
   +7.8400 +0.0004575      +3647   +0.00042   -0.07704  +951.0565
   +7.8500 +0.0004579      +3650 -0.0003438   -0.07572 +1000.0000
   +7.8600 +0.0004507      +3593    -0.0011   -0.07548  +951.0565
   +7.8700 +0.0004359      +3475  -0.001858   -0.07617  +809.0170
   +7.8800 +0.0004135      +3296  -0.002626   -0.07738  +587.7853
   +7.8900 +0.0003833      +3056  -0.003405   -0.07848  +309.0170
   +7.9000 +0.0003454      +2753  -0.004191   -0.07866    +0.0000
   +7.9100 +0.0002996      +2388  -0.004969   -0.07706  -309.0170
   +7.9200 +0.0002461      +1962  -0.005719   -0.07284  -587.7853
   +7.9300 +0.0001854      +1478   -0.00641   -0.06534  -809.0170
   +7.9400 +0.0001182     +942.2  -0.007007   -0.05409  -951.0565
   +7.9500 +4.568e-05     +364.1  -0.007472   -0.03897 -1000.0000
   +7.9600 -3.068e-05     -244.6  -0.007768   -0.02019  -951.0565
   +7.9700  -0.000109     -868.9   -0.00786  +0.001712  -809.0170
   +7.9800 -0.0001871      -1492  -0.007723   +0.02583  -587.7853
   +7.9900 -0.0002626      -2094  -0.007339   +0.05099  -309.0170
   +8.0000 -0.0003331      -2655  -0.006704   +0.07586    -0.0000
   +8.0100 -0.0003959      -3156   -0.00583   +0.09901  +309.0170
   +8.0200 -0.0004489      -3579   -0.00474     +0.119  +587.7853
   +8.0300 -0.0004901      -3907  -0.003471    +0.1347  +809.0170
   +8.0400 -0.0005179      -4129  -0.002071    +0.1451  +951.0565
   +8.0500 -0.0005313      -4235 -0.0005979    +0.1496 +1000.0000
   +8.0600 -0.0005298      -4224 +0.0008893    +0.1478  +951.0565
   +8.0700 -0.0005137      -4095  +0.002329    +0.1401  +809.0170
   +8.0800 -0.0004836      -3855  +0.003664    +0.1269  +587.7853
   +8.0900 -0.0004409      -3515  +0.004845    +0.1093  +309.0170
   +8.1000 -0.0003873      -3088  +0.005833   +0.08822    +0.0000
   +8.1100  -0.000325      -2591    +0.0066   +0.06519  -309.0170
   +8.1200 -0.0002561      -2042  +0.007133   +0.04154  -587.7853
   +8.1300 -0.0001831      -1460  +0.007434   +0.01859  -809.0170
   +8.1400 -0.0001082     -862.4  +0.007514  -0.002533  -951.0565
   +8.1500 -3.347e-05     -266.8  +0.007397   -0.02095 -1000.0000
   +8.1600  +3.92e-05     +312.5  +0.007112    -0.0361  -951.0565
   +8.1700 +0.0001083     +863.4  +0.006692   -0.04778  -809.0170
   +8.1800 +0.0001727      +1377  +0.006173   -0.05613  -587.7853
   +8.1900 +0.0002315      +1846  +0.005584   -0.06156  -309.0170
   +8.2000 +0.0002842      +2266  +0.004953   -0.06474    -0.0000
   +8.2100 +0.0003305      +2635  +0.004297   -0.06645  +309.0170
   +8.2200 +0.0003701      +2951  +0.003627   -0.06751  +587.7853
   +8.2300  +0.000403      +3213  +0.002946   -0.06868  +809.0170
   +8.2400  +0.000429      +3420   +0.00225   -0.07054  +951.0565
   +8.2500 +0.0004479      +3571   +0.00153   -0.07345 +1000.0000
   +8.2600 +0.0004595      +3663 +0.0007754   -0.07748  +951.0565
   +8.2700 +0.0004633      +3693 -2.403e-05    -0.0824  +809.0170
   +8.2800 +0.0004588      +3658 -0.0008746   -0.08771  +587.7853
   +8.2900 +0.0004456      +3552  -0.001777   -0.09267  +309.0170
   +8.3000 +0.0004232      +3373  -0.002722   -0.09638    +0.0000
   +8.3100 +0.0003911      +3118  -0.003693   -0.09791  -309.0170
   +8.3200 +0.0003493      +2785  -0.004664   -0.09635  -587.7853
   +8.3300 +0.0002979      +2375  -0.005601   -0.09097  -809.0170
   +8.3400 +0.0002375      +1894  -0.006462   -0.08127  -951.0565
   +8.3500 +0.0001691      +1348  -0.007204   -0.06708 -1000.0000
   +8.3600   +9.4e-05     +749.3  -0.007782   -0.04858  -951.0565
   +8.3700 +1.411e-05     +112.5  -0.008157   -0.02633  -809.0170
   +8.3800 -6.835e-05     -544.9  -0.008295  -0.001226  -587.7853
   +8.3900 -0.0001509      -1203  -0.008173   +0.02554  -309.0170
   +8.4000 -0.0002309      -1841  -0.007782   +0.05259    -0.0000
   +8.4100 -0.0003057      -2437  -0.007127   +0.07845  +309.0170
   +8.4200 -0.0003726      -2971  -0.006227    +0.1017  +587.7853
   +8.4300 -0.0004295      -3424  -0.005114    +0.1209  +809.0170
   +8.4400 -0.0004744      -3781  -0.003833    +0.1352  +951.0565
   +8.4500 -0.0005058      -4032  -0.002438    +0.1438 +1000.0000
   +8.4600 -0.0005229      -4169 -0.0009877    +0.1463  +951.0565
   +8.4700 -0.0005256      -4190 +0.0004578    +0.1428  +809.0170
   +8.4800  -0.000514      -4097  +0.001841    +0.1339  +587.7853
   +8.4900 -0.0004891      -3899  +0.003112    +0.1202  +309.0170
   +8.5000 -0.0004523      -3605  +0.004228     +0.103    +0.0000
   +8.5100 -0.0004052      -3230   +0.00516   +0.08345  -309.0170
   +8.5200 -0.0003497      -2788  +0.005892   +0.06286  -587.7853
   +8.5300  -0.000288      -2296  +0.006418   +0.04248  -809.0170
   +8.5400  -0.000222      -1770  +0.006748    +0.0234  -951.0565
   +8.5500 -0.0001537      -1225  +0.006897  +0.006427 -1000.0000
   +8.5600 -8.461e-05     -674.5  +0.006889  -0.007902  -951.0565
   +8.5700  -1.63e-05       -130  +0.006753    -0.0194  -809.0170
   +8.5800 +5.011e-05     +399.5  +0.006515   -0.02821  -587.7853
   +8.5900 +0.0001137     +906.7    +0.0062   -0.03473  -309.0170
   +8.6000 +0.0001739      +1386  +0.005828   -0.03961    -0.0000
   +8.6100 +0.0002302      +1835  +0.005412   -0.04359  +309.0170
   +8.6200  +0.000282      +2248  +0.004957   -0.04744  +587.7853
   +8.6300 +0.0003292      +2624  +0.004461   -0.05186  +809.0170
   +8.6400 +0.0003711      +2958  +0.003915   -0.05735  +951.0565
   +8.6500 +0.0004073      +3247  +0.003307   -0.06419 +1000.0000
   +8.6600  +0.000437      +3483  +0.002624   -0.07235  +951.0565
   +8.6700 +0.0004595      +3663  +0.001855   -0.08153  +809.0170
   +8.6800 +0.0004738      +3777 +0.0009917   -0.09111  +587.7853
   +8.6900  +0.000479      +3818 +3.485e-05    -0.1003  +309.0170
   +8.7000 +0.0004742      +3780  -0.001006     -0.108    +0.0000
   +8.7100 +0.0004586      +3656  -0.002113    -0.1133  -309.0170
   +8.7200 +0.0004318      +3442  -0.003255    -0.1151  -587.7853
   +8.7300 +0.0003935      +3137  -0.004395    -0.1127  -809.0170
   +8.7400 +0.0003441      +2743  -0.005486    -0.1055  -951.0565
   +8.7500 +0.0002841      +2265   -0.00648   -0.09329 -1000.0000
   +8.7600  +0.000215      +1714  -0.007327   -0.07613  -951.0565
   +8.7700 +0.0001382      +1102  -0.007981    -0.0546  -809.0170
   +8.7800 +5.612e-05     +447.4  -0.008402   -0.02958  -587.7853
   +8.7900 -2.892e-05     -230.5  -0.008561  -0.002243  -309.0170
   +8.8000 -0.0001142     -910.1  -0.008442     +0.026    -0.0000
   +8.8100 -0.0001968      -1569  -0.008044   +0.05366  +309.0170
   +8.8200 -0.0002742      -2185  -0.007379   +0.07924  +587.7853
   +8.8300 -0.0003436      -2739  -0.006476    +0.1014  +809.0170
   +8.8400  -0.000403      -3213  -0.005375     +0.119  +951.0565
   +8.8500 -0.0004506      -3592  -0.004124    +0.1312 +1000.0000
   +8.8600 -0.0004852      -3868  -0.002779    +0.1377  +951.0565
   +8.8700 -0.0005061      -4034  -0.001399    +0.1384  +809.0170
   +8.8800 -0.0005132      -4091 -3.869e-05    +0.1337  +587.7853
   +8.8900 -0.0005071      -4042  +0.001251    +0.1243  +309.0170
   +8.9000 -0.0004886      -3895  +0.002429    +0.1113    +0.0000
   +8.9100  -0.000459      -3659  +0.003464   +0.09571  -309.0170
   +8.9200 -0.0004198      -3347  +0.004337   +0.07883  -587.7853
   +8.9300 -0.0003728      -2972   +0.00504   +0.06179  -809.0170
   +8.9400 -0.0003196      -2548  +0.005577   +0.04561  -951.0565
   +8.9500 -0.0002618      -2087   +0.00596   +0.03105 -1000.0000
   +8.9600 -0.0002008      -1601  +0.006208   +0.01857  -951.0565
   +8.9700  -0.000138      -1100  +0.006343  +0.008312  -809.0170
   +8.9800 -7.427e-05     -592.1  +0.006385 +0.0001225  -587.7853
   +8.9900 -1.053e-05      -83.9  +0.006354  -0.006432  -309.0170
   +9.0000  +5.26e-05     +419.3  +0.006261   -0.01198    -0.0000
   +9.0100 +0.0001145     +912.9  +0.006115   -0.01725  +309.0170
   +9.0200 +0.0001747      +1393  +0.005914     -0.023  +587.7853
   +9.0300 +0.0002326      +1854   +0.00565   -0.02986  +809.0170
   +9.0400 +0.0002875      +2291  +0.005309    -0.0383  +951.0565
   +9.0500 +0.0003385      +2698  +0.004875   -0.04852 +1000.0000
   +9.0600 +0.0003846      +3066   +0.00433   -0.06042  +951.0565
   +9.0700 +0.0004246      +3385   +0.00366    -0.0736  +809.0170
   +9.0800 +0.0004573      +3646  +0.002855   -0.08737  +587.7853
   +9.0900 +0.0004813      +3837  +0.001914    -0.1008  +309.0170
   +9.1000 +0.0004952      +3948 +0.0008465    -0.1128    +0.0000
   +9.1100 +0.0004979      +3969 -0.0003286    -0.1222  -309.0170
   +9.1200 +0.0004884      +3893   -0.00158     -0.128  -587.7853
   +9.1300 +0.0004662      +3716  -0.002866    -0.1293  -809.0170
   +9.1400 +0.0004311      +3436   -0.00414    -0.1254  -951.0565
   +9.1500 +0.0003836      +3058  -0.005346    -0.1159 -1000.0000
   +9.1600 +0.0003246      +2587  -0.006431    -0.1011  -951.0565
   +9.1700 +0.0002555      +2037  -0.007343   -0.08132  -809.0170
   +9.1800 +0.0001784      +1422  -0.008037   -0.05743  -587.7853
   +9.1900 +9.564e-05     +762.4  -0.008477   -0.03061  -309.0170
   +9.2000  +9.81e-06      +78.2  -0.008642  -0.002234    -0.0000
   +9.2100 -7.624e-05     -607.8  -0.008522   +0.02619  +309.0170
   +9.2200 -0.0001597      -1273  -0.008125   +0.05317  +587.7853
   +9.2300 -0.0002379      -1896  -0.007473    +0.0773  +809.0170
   +9.2400 -0.0003084      -2459  -0.006599   +0.09742  +951.0565
   +9.2500 -0.0003693      -2944  -0.005549    +0.1127 +1000.0000
   +9.2600  -0.000419      -3340  -0.004372    +0.1226  +951.0565
   +9.2700 -0.0004565      -3639  -0.003124    +0.1271  +809.0170
   +9.2800 -0.0004814      -3837  -0.001856    +0.1264  +587.7853
   +9.2900 -0.0004937      -3936 -0.0006176    +0.1213  +309.0170
   +9.3000  -0.000494      -3938 +0.0005513    +0.1125    +0.0000
   +9.3100  -0.000483      -3850   +0.00162    +0.1012  -309.0170
   +9.3200  -0.000462      -3683  +0.002568   +0.08842  -587.7853
   +9.3300 -0.0004321      -3444  +0.003386    +0.0753  -809.0170
   +9.3400 -0.0003947      -3146  +0.004076   +0.06272  -951.0565
   +9.3500  -0.000351      -2798  +0.004647   +0.05136 -1000.0000
   +9.3600 -0.0003021      -2408  +0.005112   +0.04163  -951.0565
   +9.3700  -0.000249      -1985  +0.005488    +0.0336  -809.0170
   +9.3800 -0.0001926      -1535  +0.005791   +0.02707  -587.7853
   +9.3900 -0.0001334      -1063  +0.006034   +0.02155  -309.0170
   +9.4000 -7.206e-05     -574.4  +0.006224   +0.01641    -0.0000
   +9.4100 -9.089e-06     -72.45  +0.006361    +0.0109  +309.0170
   +9.4200 +5.495e-05     +438.1  +0.006437  +0.004278  +587.7853
   +9.4300 +0.0001194     +951.8  +0.006438  -0.004079  +809.0170
   +9.4400 +0.0001834      +1462  +0.006344    -0.0146  +951.0565
   +9.4500 +0.0002459      +1960  +0.006134   -0.02743 +1000.0000
   +9.4600 +0.0003056      +2436  +0.005785   -0.04243  +951.0565
   +9.4700 +0.0003611      +2878  +0.005277   -0.05912  +809.0170
   +9.4800 +0.0004106      +3273  +0.004598   -0.07672  +587.7853
   +9.4900 +0.0004524      +3607  +0.003743   -0.09422  +309.0170
   +9.5000 +0.0004849      +3865   +0.00272    -0.1104    +0.0000
   +9.5100 +0.0005063      +4036  +0.001547    -0.1242  -309.0170
   +9.5200 +0.0005154      +4109 +0.0002553    -0.1342  -587.7853
   +9.5300 +0.0005112      +4075  -0.001113    -0.1395  -809.0170
   +9.5400 +0.0004931      +3931  -0.002508    -0.1395  -951.0565
   +9.5500 +0.0004611      +3676  -0.003874    -0.1336 -1000.0000
   +9.5600 +0.0004159      +3315  -0.005151    -0.1219  -951.0565
   +9.5700 +0.0003586      +2858  -0.006285    -0.1048  -809.0170
   +9.5800 +0.0002908      +2318  -0.007224   -0.08304  -587.7853
   +9.5900 +0.0002149      +1713  -0.007928   -0.05777  -309.0170
   +9.6000 +0.0001332      +1062  -0.008368   -0.03033    -0.0000
   +9.6100 +4.844e-05     +386.1  -0.008531  -0.002203  +309.0170
   +9.6200 -3.653e-05     -291.2  -0.008416   +0.02511  +587.7853
   +9.6300  -0.000119     -948.8   -0.00804   +0.05022  +809.0170
   +9.6400 -0.0001965      -1567  -0.007429   +0.07194  +951.0565
   +9.6500 -0.0002669      -2128  -0.006622   +0.08937 +1000.0000
   +9.6600 -0.0003285      -2619  -0.005666     +0.102  +951.0565
   +9.6700 -0.0003799      -3029  -0.004607    +0.1096  +809.0170
   +9.6800 -0.0004205      -3352  -0.003496    +0.1126  +587.7853
   +9.6900 -0.0004498      -3586  -0.002377    +0.1113  +309.0170
   +9.7000 -0.0004681      -3732  -0.001288    +0.1066    +0.0000
   +9.7100 -0.0004758      -3793  -0.000257   +0.09953  -309.0170
   +9.7200 -0.0004735      -3775 +0.0006959   +0.09105  -587.7853
   +9.7300 -0.0004621      -3684  +0.001562   +0.08214  -809.0170
   +9.7400 -0.0004426      -3528  +0.002341   +0.07362  -951.0565
   +9.7500 -0.0004156      -3313  +0.003039   +0.06608 -1000.0000
   +9.7600  -0.000382      -3045  +0.003669   +0.05983  -951.0565
   +9.7700 -0.0003424      -2729  +0.004242   +0.05487  -809.0170
   +9.7800 -0.0002973      -2370  +0.004771   +0.05092  -587.7853
   +9.7900 -0.0002471      -1970  +0.005263   +0.04745  -309.0170
   +9.8000 -0.0001922      -1532  +0.005719   +0.04377    -0.0000
   +9.8100 -0.0001329      -1059  +0.006133   +0.03909  +309.0170
   +9.8200 -6.967e-05     -555.4  +0.006492   +0.03266  +587.7853
   +9.8300 -3.264e-06     -26.02  +0.006775   +0.02386  +809.0170
   +9.8400 +6.548e-05       +522  +0.006955   +0.01226  +951.0565
   +9.8500 +0.0001354      +1079  +0.007005  -0.002269 +1000.0000
   +9.8600 +0.0002051      +1635  +0.006896   -0.01953  +951.0565
   +9.8700 +0.0002727      +2174  +0.006604     -0.039  +809.0170
   +9.8800 +0.0003365      +2682  +0.006109   -0.05984  +587.7853
   +9.8900 +0.0003942      +3143  +0.005406   -0.08096  +309.0170
   +9.9000 +0.0004439      +3538  +0.004495    -0.1011    +0.0000
   +9.9100 +0.0004835      +3854  +0.003395    -0.1189  -309.0170
   +9.9200 +0.0005112      +4075  +0.002134    -0.1332  -587.7853
   +9.9300 +0.0005258      +4191 +0.0007536    -0.1429  -809.0170
   +9.9400 +0.0005261      +4194 -0.0006957     -0.147  -951.0565
   +9.9500 +0.0005118      +4080  -0.002156    -0.1451 -1000.0000
   +9.9600 +0.0004831      +3851  -0.003568    -0.1372  -951.0565
   +9.9700 +0.0004408      +3514  -0.004872    -0.1235  -809.0170
   +9.9800 +0.0003862      +3079  -0.006013    -0.1048  -587.7853
   +9.9900 +0.0003212      +2561  -0.006947   -0.08199  -309.0170
  +10.0000 +0.0002481      +1978  -0.007639   -0.05651    -0.0000
  +10.0100 +0.0001693      +1350  -0.008071   -0.02974  +309.0170
  +10.0200 +8.757e-05     +698.1  -0.008235  -0.003151  +587.7853
  +10.0300  +5.48e-06     +43.68  -0.008142   +0.02187  +809.0170
  +10.0400 -7.447e-05     -593.7  -0.007812   +0.04413  +951.0565
  +10.0500 -0.0001501      -1196  -0.007277   +0.06275 +1000.0000
  +10.0600 -0.0002195      -1749  -0.006578   +0.07716  +951.0565
  +10.0700 -0.0002812      -2242  -0.005756   +0.08716  +809.0170
  +10.0800 -0.0003343      -2665  -0.004855   +0.09294  +587.7853
  +10.0900 -0.0003782      -3015  -0.003916   +0.09497  +309.0170
  +10.1000 -0.0004126      -3289  -0.002971   +0.09398    +0.0000
  +10.1100 -0.0004377      -3489  -0.002047   +0.09086  -309.0170
  +10.1200 -0.0004537      -3617   -0.00116   +0.08654  -587.7853
  +10.1300  -0.000461      -3675 -0.0003179   +0.08189  -809.0170
  +10.1400 -0.0004602      -3668 +0.0004798   +0.07764  -951.0565
  +10.1500 -0.0004516      -3600  +0.001239   +0.07428 -1000.0000
  +10.1600 -0.0004355      -3472  +0.001971   +0.07202  -951.0565
  +10.1700 -0.0004122      -3286  +0.002685   +0.07077  -809.0170
  +10.1800 -0.0003818      -3044  +0.003389   +0.07017  -587.7853
  +10.1900 -0.0003444      -2746  +0.004088   +0.06962  -309.0170
  +10.2000 -0.0003001      -2392  +0.004778   +0.06835    -0.0000
  +10.2100 -0.0002489      -1984  +0.005448   +0.06553  +309.0170
  +10.2200 -0.0001913      -1525  +0.006077   +0.06036  +587.7853
  +10.2300 -0.0001276      -1017   +0.00664   +0.05218  +809.0170
  +10.2400 -5.881e-05     -468.8  +0.007104   +0.04057  +951.0565
  +10.2500   +1.4e-05     +111.6  +0.007433   +0.02538 +1000.0000
  +10.2600 +8.929e-05     +711.8  +0.007594  +0.006835  +951.0565
  +10.2700 +0.0001652      +1317  +0.007556   -0.01452  +809.0170
  +10.2800 +0.0002397      +1911  +0.007294   -0.03779  +587.7853
  +10.2900 +0.0003103      +2474  +0.006796   -0.06185  +309.0170
  +10.3000 +0.0003748      +2988   +0.00606   -0.08536    +0.0000
  +10.3100 +0.0004308      +3434  +0.005099    -0.1069  -309.0170
  +10.3200 +0.0004761      +3795  +0.003938    -0.1252  -587.7853
  +10.3300  +0.000509      +4058  +0.002616     -0.139  -809.0170
  +10.3400 +0.0005281      +4210  +0.001184    -0.1474  -951.0565
  +10.3500 +0.0005325      +4245 -0.0003026    -0.1499 -1000.0000
  +10.3600  +0.000522      +4161  -0.001782    -0.1461  -951.0565
  +10.3700 +0.0004971      +3962  -0.003194    -0.1363  -809.0170
  +10.3800 +0.0004586      +3656  -0.004482    -0.1212  -587.7853
  +10.3900  +0.000408      +3252  -0.005597    -0.1018  -309.0170
  +10.4000 +0.0003473      +2769  -0.006501   -0.07911    -0.0000
  +10.4100 +0.0002788      +2222   -0.00717   -0.05466  +309.0170
  +10.4200 +0.0002047      +1632  -0.007593   -0.02984  +587.7853
  +10.4300 +0.0001277      +1018  -0.007772  -0.005976  +809.0170
  +10.4400 +5.007e-05     +399.1  -0.007723   +0.01577  +951.0565
  +10.4500 -2.606e-05     -207.7  -0.007471   +0.03451 +1000.0000
  +10.4600 -9.879e-05     -787.5  -0.007051   +0.04967  +951.0565
  +10.4700 -0.0001666      -1328  -0.006497   +0.06107  +809.0170
  +10.4800 -0.0002284      -1821  -0.005847   +0.06882  +587.7853
  +10.4900 -0.0002834      -2259  -0.005136   +0.07337  +309.0170
  +10.5000  -0.000331      -2639  -0.004393    +0.0754    +0.0000
  +10.5100 -0.0003712      -2959  -0.003637   +0.07571  -309.0170
  +10.5200 -0.0004038      -3219  -0.002883   +0.07517  -587.7853
  +10.5300 -0.0004289      -3419  -0.002134   +0.07456  -809.0170
  +10.5400 -0.0004465      -3559  -0.001389   +0.07451  -951.0565
  +10.5500 -0.0004566      -3640  -0.000639   +0.07543 -1000.0000
  +10.5600 -0.0004592      -3661 +0.0001252   +0.07741  -951.0565
  +10.5700  -0.000454      -3619 +0.0009138    +0.0803  -809.0170
  +10.5800 -0.0004408      -3514  +0.001733   +0.08361  -587.7853
  +10.5900 -0.0004193      -3342  +0.002585   +0.08666  -309.0170
  +10.6000  -0.000389      -3101  +0.003461   +0.08861    -0.0000
  +10.6100   -0.00035      -2790  +0.004347   +0.08855  +309.0170
  +10.6200 -0.0003022      -2409  +0.005218   +0.08561  +587.7853
  +10.6300 -0.0002458      -1960  +0.006041    +0.0791  +809.0170
  +10.6400 -0.0001816      -1448  +0.006779   +0.06854  +951.0565
  +10.6500 -0.0001106       -882  +0.007391   +0.05377 +1000.0000
  +10.6600 -3.436e-05     -273.9  +0.007835     +0.035  +951.0565
  +10.6700 +4.537e-05     +361.6  +0.008074   +0.01278  +809.0170
  +10.6800 +0.0001263      +1007  +0.008078   -0.01198  +587.7853
  +10.6900 +0.0002061      +1643  +0.007827   -0.03811  +309.0170
  +10.7000  +0.000282      +2248  +0.007316   -0.06423    +0.0000
  +10.7100 +0.0003515      +2802   +0.00655    -0.0889  -309.0170
  +10.7200 +0.0004122      +3286  +0.005552    -0.1107  -587.7853
  +10.7300 +0.0004619      +3682  +0.004357    -0.1283  -809.0170
  +10.7400 +0.0004989      +3977  +0.003011    -0.1408  -951.0565
  +10.7500 +0.0005218      +4160   +0.00157    -0.1474 -1000.0000
  +10.7600 +0.0005302      +4226 +9.365e-05    -0.1479  -951.0565
  +10.7700 +0.0005238      +4175  -0.001358    -0.1424  -809.0170
  +10.7800 +0.0005033      +4012  -0.002727    -0.1314  -587.7853
  +10.7900 +0.0004697      +3744  -0.003963    -0.1158  -309.0170
  +10.8000 +0.0004246      +3385  -0.005026    -0.0967    -0.0000
  +10.8100 +0.0003698      +2948  -0.005886   -0.07541  +309.0170
  +10.8200 +0.0003076      +2452   -0.00653   -0.05326  +587.7853
  +10.8300   +0.00024      +1913  -0.006954   -0.03154  +809.0170
  +10.8400 +0.0001692      +1349  -0.007168   -0.01136  +951.0565
  +10.8500 +9.725e-05     +775.2  -0.007193  +0.006422 +1000.0000
  +10.8600 +2.589e-05     +206.4  -0.007055   +0.02128  +951.0565
  +10.8700  -4.34e-05       -346  -0.006783     +0.033  +809.0170
  +10.8800 -0.0001094     -872.4   -0.00641   +0.04172  +587.7853
  +10.8900 -0.0001713      -1366  -0.005962   +0.04785  +309.0170
  +10.9000 -0.0002285      -1821  -0.005462   +0.05204    +0.0000
  +10.9100 -0.0002805      -2236  -0.004927   +0.05505  -309.0170
  +10.9200 -0.0003269      -2606  -0.004363   +0.05767  -587.7853
  +10.9300 -0.0003676      -2931  -0.003772   +0.06062  -809.0170
  +10.9400 -0.0004023      -3207  -0.003146   +0.06445  -951.0565
  +10.9500 -0.0004304      -3431  -0.002477   +0.06946 -1000.0000
  +10.9600 -0.0004516      -3600  -0.001751   +0.07569  -951.0565
  +10.9700 -0.0004652      -3709 -0.0009585   +0.08284  -809.0170
  +10.9800 -0.0004705      -3751  -9.24e-05   +0.09037  -587.7853
  +10.9900 -0.0004668      -3721 +0.0008469   +0.09749  -309.0170
  +11.0000 -0.0004534      -3614  +0.001851    +0.1033    -0.0000
  +11.0100 -0.0004297      -3425    +0.0029    +0.1067  +309.0170
  +11.0200 -0.0003953      -3151  +0.003968    +0.1068  +587.7853
  +11.0300 -0.0003504      -2793  +0.005017    +0.1029  +809.0170
  +11.0400 -0.0002952      -2353  +0.006003    +0.0944  +951.0565
  +11.0500 -0.0002307      -1839  +0.006881    +0.0811 +1000.0000
  +11.0600 -0.0001581      -1260  +0.007602   +0.06318  +951.0565
  +11.0700 -7.927e-05     -631.9  +0.008124   +0.04117  +809.0170
  +11.0800 +3.608e-06     +28.76   +0.00841   +0.01597  +587.7853
  +11.0900 +8.805e-05     +701.9  +0.008433   -0.01123  +309.0170
  +11.1000 +0.0001714      +1366  +0.008182   -0.03903    +0.0000
  +11.1100 +0.0002508      +1999  +0.007657   -0.06595  -309.0170
  +11.1200 +0.0003236      +2580  +0.006875   -0.09051  -587.7853
  +11.1300 +0.0003875      +3089  +0.005866    -0.1114  -809.0170
  +11.1400 +0.0004403      +3510  +0.004671    -0.1275  -951.0565
  +11.1500 +0.0004805      +3830  +0.003344     -0.138 -1000.0000
  +11.1600  +0.000507      +4041  +0.001941    -0.1426  -951.0565
  +11.1700 +0.0005193      +4139 +0.0005206    -0.1414  -809.0170
  +11.1800 +0.0005175      +4125 -0.0008596    -0.1347  -587.7853
  +11.1900 +0.0005024      +4005  -0.002149    -0.1233  -309.0170
  +11.2000  +0.000475      +3786  -0.003306    -0.1082    -0.0000
  +11.2100 +0.0004368      +3482  -0.004301   -0.09066  +309.0170
  +11.2200 +0.0003896      +3105  -0.005113   -0.07193  +587.7853
  +11.2300 +0.0003351      +2672  -0.005739   -0.05322  +809.0170
  +11.2400 +0.0002754      +2195  -0.006183   -0.03555  +951.0565
  +11.2500  +0.000212      +1690  -0.006459   -0.01972 +1000.0000
  +11.2600 +0.0001467      +1169  -0.006589  -0.006237  +951.0565
  +11.2700 +8.067e-05       +643  -0.006597  +0.004742  +809.0170
  +11.2800 +1.508e-05     +120.2  -0.006506   +0.01336  +587.7853
  +11.2900  -4.92e-05     -392.2  -0.006339   +0.02004  +309.0170
  +11.3000 -0.0001115     -888.9  -0.006112    +0.0254    +0.0000
  +11.3100 -0.0001713      -1365  -0.005834   +0.03018  -309.0170
  +11.3200  -0.000228      -1818  -0.005508   +0.03514  -587.7853
  +11.3300 -0.0002812      -2242  -0.005127   +0.04094  -809.0170
  +11.3400 -0.0003304      -2633  -0.004682   +0.04807  -951.0565
  +11.3500 -0.0003746      -2986  -0.004158   +0.05675 -1000.0000
  +11.3600 -0.0004132      -3294   -0.00354   +0.06694  -951.0565
  +11.3700 -0.0004451      -3548  -0.002814   +0.07825  -809.0170
  +11.3800 -0.0004691      -3739  -0.001972   +0.09005  -587.7853
  +11.3900 -0.0004841      -3859  -0.001015    +0.1014  -309.0170
  +11.4000  -0.000489      -3898 +4.933e-05    +0.1114    -0.0000
  +11.4100 -0.0004828      -3849    +0.0012    +0.1188  +309.0170
  +11.4200 -0.0004648      -3705  +0.002408    +0.1227  +587.7853
  +11.4300 -0.0004346      -3465  +0.003631    +0.1221  +809.0170
  +11.4400 -0.0003923      -3127  +0.004825    +0.1165  +951.0565
  +11.4500 -0.0003384      -2698  +0.005935    +0.1056 +1000.0000
  +11.4600  -0.000274      -2185  +0.006912   +0.08959  +951.0565
  +11.4700 -0.0002008      -1601  +0.007704   +0.06885  +809.0170
  +11.4800 -0.0001207     -962.4   +0.00827   +0.04429  +587.7853
  +11.4900 -3.627e-05     -289.1  +0.008576   +0.01709  +309.0170
  +11.5000 +4.988e-05     +397.6  +0.008605   -0.01136    +0.0000
  +11.5100 +0.0001349      +1075  +0.008351   -0.03955  -309.0170
  +11.5200  +0.000216      +1722  +0.007823   -0.06598  -587.7853
  +11.5300 +0.0002905      +2316  +0.007047   -0.08928  -809.0170
  +11.5400 +0.0003562      +2839  +0.006059    -0.1083  -951.0565
  +11.5500 +0.0004111      +3277  +0.004906    -0.1222 -1000.0000
  +11.5600  +0.000454      +3619  +0.003642    -0.1306  -951.0565
  +11.5700 +0.0004838      +3857  +0.002323    -0.1333  -809.0170
  +11.5800 +0.0005004      +3989  +0.001002    -0.1308  -587.7853
  +11.5900  +0.000504      +4018 -0.0002695    -0.1236  -309.0170
  +11.6000 +0.0004953      +3948  -0.001452    -0.1128    -0.0000
  +11.6100 +0.0004754      +3790  -0.002513   -0.09944  +309.0170
  +11.6200 +0.0004455      +3552  -0.003434   -0.08468  +587.7853
  +11.6300 +0.0004072      +3246  -0.004205   -0.06963  +809.0170
  +11.6400 +0.0003619      +2885   -0.00483   -0.05526  +951.0565
  +11.6500 +0.0003111      +2480  -0.005317   -0.04228 +1000.0000
  +11.6600  +0.000256      +2040  -0.005684   -0.03113  +951.0565
  +11.6700 +0.0001977      +1576  -0.005949   -0.02192  +809.0170
  +11.6800 +0.0001373      +1094  -0.006131   -0.01447  +587.7853
  +11.6900 +7.532e-05     +600.4  -0.006245  -0.008326  +309.0170
  +11.7000 +1.254e-05       +100  -0.006301  -0.002857    +0.0000
  +11.7100 -5.052e-05     -402.7  -0.006302  +0.002677  -309.0170
  +11.7200 -0.0001133     -903.2  -0.006244  +0.009012  -587.7853
  +11.7300 -0.0001752      -1396  -0.006115   +0.01678  -809.0170
  +11.7400 -0.0002353      -1876  -0.005899   +0.02642  -951.0565
  +11.7500 -0.0002928      -2334  -0.005576   +0.03811 -1000.0000
  +11.7600 -0.0003464      -2761  -0.005127   +0.05172  -951.0565
  +11.7700 -0.0003948      -3147  -0.004534   +0.06681  -809.0170
  +11.7800 -0.0004366      -3480  -0.003787   +0.08264  -587.7853
  +11.7900 -0.0004701      -3747  -0.002883   +0.09823  -309.0170
  +11.8000 -0.0004937      -3936  -0.001829    +0.1125    -0.0000
  +11.8100 -0.0005062      -4035 -0.0006463    +0.1241  +309.0170
  +11.8200 -0.0005063      -4036 +0.0006349    +0.1321  +587.7853
  +11.8300 -0.0004933      -3933  +0.001973    +0.1355  +809.0170
  +11.8400 -0.0004668      -3722  +0.003318    +0.1335  +951.0565
  +11.8500 -0.0004271      -3405  +0.004614    +0.1259 +1000.0000
  +11.8600 -0.0003749      -2989  +0.005807    +0.1126  +951.0565
  +11.8700 -0.0003115      -2483   +0.00684   +0.09407  +809.0170
  +11.8800 -0.0002388      -1904  +0.007666   +0.07118  +587.7853
  +11.8900  -0.000159      -1268  +0.008247   +0.04505  +309.0170
  +11.9000 -7.476e-05       -596  +0.008558   +0.01703    +0.0000
  +11.9100 +1.119e-05     +89.19  +0.008586   -0.01138  -309.0170
  +11.9200 +9.602e-05     +765.5  +0.008336   -0.03866  -587.7853
  +11.9300  +0.000177      +1411  +0.007825   -0.06344  -809.0170
  +11.9400 +0.0002518      +2007  +0.007085   -0.08451  -951.0565
  +11.9500 +0.0003181      +2536  +0.006158     -0.101 -1000.0000
  +11.9600 +0.0003744      +2985   +0.00509    -0.1125  -951.0565
  +11.9700 +0.0004196      +3345  +0.003934    -0.1187  -809.0170
  +11.9800  +0.000453      +3611  +0.002741      -0.12  -587.7853
  +11.9900 +0.0004745      +3782  +0.001557    -0.1169  -309.0170
  +12.0000 +0.0004843      +3861 +0.0004208    -0.1103    -0.0000
